//
NA	ADNP_IRX_SIX_ZHX.p2
P0	A	C	G	T
1	128.691099	0	0	2.881396
2	117.041847	0	9.974624	4.556024
3	0	0	0	131.572495
4	121.266343	0	9.528294	0.777858
5	129.368691	0	2.203804	0
6	0	0	0	131.572495
7	0	3.739863	0	127.832632
//
//
NA	AHR_ARNT_ARNT2.p2
PO	A	C	G	T
1	17.07404	357.110927	19.347679	419.980919
2	0	0	813.513564999999	0
3	0	808.823707999999	0	4.689857
4	0	0	810.297271999999	3.216293
5	0	0	0	813.513564999999
6	0	0	813.513564999999	0
//
//
NA	AIRE.p2
PO	A	C	G	T
1	5.614437	10.093608	45.801662	11.446177
2	28.820237	7.40368	29.032744	7.699223
3	6.355252	2.660841	16.424949	47.514842
4	6.665938	4.893482	4.398634	56.99783
5	46.9241	5.594739	4.803222	15.633823
6	0.676141	2.029946	4.773762	65.476035
7	11.072103	0.518439	2.287596	59.077746
8	39.712506	0.819879	16.839537	15.583962
9	53.578608	3.348832	1.036813	14.991631
10	9.947869	0	13.607422	49.400593
11	10.117501	0.477778	1.029747	61.330858
12	3.061658	0	65.401955	4.492271
13	3.601487	1.929929	59.375507	8.048961
14	11.142762	1.933376	8.555628	51.324118
15	16.014959	0.409353	2.899264	53.632308
16	44.665407	1.153007	15.656313	11.481157
17	4.37178	2.424435	4.599827	61.559842
18	50.367439	5.939991	9.855122	6.793332
19	1.293342	4.676801	0.968548	66.017193
20	0.947416	0.843009	2.446755	68.7187039999999
21	3.526923	6.706	47.655218	15.067743
22	12.976002	5.307243	47.188318	7.484321
23	4.526218	9.658324	16.762432	42.00891
24	2.280014	4.4096	5.559723	60.706547
25	36.077052	1.833139	15.782627	19.263066
//
//
NA	ALX1.p2
PO	A	C	G	T
1	79.334802	30.187075	11.671023	39.11148
2	75.758951	39.804695	33.95761	10.783124
3	49.264106	46.809618	10.776781	53.453875
4	1.624345	0.749118	0	157.930917
5	136.373394	4.4525	5.369937	14.108549
6	158.727167	0	0	1.577213
7	1.508366	7.678933	0.690944	150.426137
8	0.695534	11.381705	13.351513	134.875628
9	88.004985	21.998116	16.720946	33.580333
10	47.758261	39.506319	24.613038	48.426762
11	31.136202	60.868109	7.840269	60.4598
12	145.395351	0.962932	10.806892	3.139205
13	0.692268	10.059374	1.564066	147.988672
14	9.51174	7.890105	0	142.902535
15	118.052898	3.531078	27.492738	11.227666
16	14.304979	27.682412	31.513372	86.803617
17	17.672332	66.136874	11.206336	65.288838
18	58.639634	21.05798	18.928821	61.677945
//
//
NA	ARID5B.p2
PO	A	C	G	T
1	190.588231	58.225336	37.529591	7.642382
2	187.997023	12.310246	11.795105	81.883166
3	16.964664	116.348133	91.817924	68.854819
4	22.333747	174.317872	18.360546	78.973375
5	217.449331	36.605219	17.471784	22.459206
6	52.859072	155.887157	35.124544	50.114767
7	288.657783	3.385558	1.454079	0.48812
8	276.666681	6.562214	9.483289	1.273356
9	10.035279	25.358044	14.497796	244.094421
10	264.797942	15.340735	9.546525	4.300338
11	2.857382	210.70865	7.142706	73.276802
12	107.641406	124.852471	16.179014	45.312649
13	164.846367	61.779998	65.145906	2.213269
14	214.17431	39.15656	31.877775	8.776895
//
//
NA	ARNT_ARNT2_BHLHB2_MAX_MYC_USF1.p2
PO	A	C	G	T
1	263.791165	46.445711	529.564091	43.891273
2	317.563774	117.165793	447.125296	1.837377
3	115.532375	333.17002	226.592139	208.397706
4	11.416227	872.276012999998	0	0
5	876.792220999997	0.79327	1.66018	4.446569
6	0.796453	849.492805999997	0	33.402981
7	35.166101	1.629108	846.897030999997	0
8	1.725199	16.890142	0.86797	864.208928999998
9	0	0	883.692239999998	0
10	382.006685	35.7803	443.553262	22.351993
11	132.680814	418.434138	31.988725	300.588563
//
//
NA	AR.p2
PO	A	C	G	T
1	43.75579	60.508713	15.97384	30.696338
2	67.94903	21.380492	16.722171	44.882988
3	70.624427	34.149363	26.883139	19.277752
4	104.007012	0	44.656414	2.271255
5	10.585511	0	137.693736	2.655434
6	90.197842	29.11624	13.883168	17.737431
7	136.456264	6.370041	3.335729	4.772647
8	0.768552	145.364845	2.533619	2.267665
9	125.550329	0.795558	13.355067	11.233727
10	38.293216	55.881945	7.848371	48.911149
11	50.979441	52.560191	16.809403	30.585646
12	26.073798	66.873778	54.706092	3.281013
13	14.200723	15.045934	9.296549	112.391475
14	0.742217	0	150.192464	0
15	13.150166	0.597679	4.761772	132.425064
16	44.196983	65.202679	7.413645	34.121374
17	6.678918	134.087318	0.900078	9.268367
18	20.349533	105.789501	0	24.795647
19	44.972756	35.900771	22.05981	48.001344
20	37.462609	41.606868	49.695965	22.169239
21	40.202392	89.432483	2.430201	18.869605
22	39.852921	57.65215	32.913341	20.516269
//
//
NA	ATF2.p2
PO	A	C	G	T
1	0	1.349549	0	390.121624
2	0	1.406996	79.720198	310.343979
3	391.471173	0	0	0
4	0	388.460868	1.467388	1.542917
5	245.864222	0.722744	144.884207	0
6	8.13519	0.727548	0.694818	381.913617
7	269.460081	119.136028	2.875064	0
8	382.503578	8.345355	0.62224	0
//
//
NA	ATF4.p2
P0	A	C	G	T
1	9.18253	102.40538	111.53689	2.364872
2	35.270248	53.740682	136.478742	0
3	0	0	0	225.489672
4	0	0	223.947946	1.541726
5	215.176386	0	8.420264	1.893022
6	0	223.202574	0	2.287098
7	0	0.751343	197.787419	26.95091
8	0	99.407786	0	126.081886
9	92.470634	127.217229	2.53655	3.265259
10	161.8342	1.467285	61.464451	0.723736
11	9.385643	91.1148959999999	57.154871	67.834262
12	52.334663	71.088159	93.007794	9.059056
//
//
NA	ATF5_CREB3.p2
PO	A	C	G	T
1	0	0	0	976.418159000002
2	0	0	976.418159000002	0
3	976.418159000002	0	0	0
4	0	952.219486000002	0	24.198673
5	0	0	976.418159000002	0
6	0	83.748578	0	892.669581000002
//
//
NA	ATF6.p2
PO	A	C	G	T
1	3.934618	5.865916	3.866418	480.890333
2	0.990939	11.722549	481.843797	0
3	494.557285	0	0	0
4	0	487.72926	3.900341	2.927684
5	0.971548	2.898728	489.717246	0.969763
6	0.965901	6.813236	0	486.778148
7	1.951002	18.664083	460.210166	13.732034
8	40.427901	0.986458	449.240693	3.902233
//
//
NA	BACH2.p2
PO	A	C	G	T
1	167.444502	76.958798	159.621644	43.116392
2	68.413019	163.611438	136.75418	78.362699
3	69.365038	125.648611	171.932548	80.195139
4	164.184992	89.316394	185.15544	8.48451
5	0.906975	0	7.569887	438.664474
6	0.769291	0.943981	443.049171	2.378893
7	429.670115	12.552725	2.41208	2.506416
8	16.25904	0.874774	424.215604	5.791918
9	0	0	1.711811	445.429525
10	8.32662	432.835748	5.978968	0
11	441.894032	0.848837	2.560375	1.838092
12	10.290734	150.817357	101.243488	184.789757
13	58.397696	166.406606	167.45524	54.881794
14	116.188884	106.915782	160.992349	63.044321
15	49.831258	155.737174	103.564729	138.008175
//
//
NA	bHLH_family.p2
PO	A	C	G	T
1	282.837989	13.193367	129.365247	0
2	58.907383	216.146503	83.547806	66.794911
3	0	425.396603	0	0
4	421.998045	0	0.828105	2.570453
5	0	369.197328	31.212094	24.987181
6	1.766122	35.40489	388.225591	0
7	0	0.789824	0	424.606779
8	5.161806	0	420.234797	0
//
//
NA	BPTF.p2
PO	A	C	G	T
1	80.141547	11.386141	32.292129	5.977397
2	65.289299	36.040538	15.929712	12.537665
3	48.75651	45.570256	22.3644	13.106048
4	32.674113	91.629378	1.846416	3.647307
5	121.733158	1.440381	3.547723	3.075952
6	61.718327	54.062964	0.626706	13.389217
7	128.652909	0	1.144305	0
8	125.517274	0.861069	1.957989	1.460882
9	20.118294	97.678251	7.615138	4.385531
10	115.635649	11.224357	1.670651	1.266557
11	48.334892	60.541572	1.749115	19.171635
12	84.541195	5.304026	33.96577	5.986223
13	46.981545	39.245274	16.409825	27.16057
14	86.68541	7.667529	21.432122	14.012153
//
//
NA	CDC5L.p2
PO	A	C	G	T
1	17.811892	23.718126	235.57367	20.216234
2	189.5473	20.427225	23.359456	63.985941
3	28.064217	7.052422	65.435993	196.76729
4	12.386786	6.521042	12.166767	266.245327
5	28.45556	4.536592	3.368424	260.959346
6	285.785454	4.314371	3.071382	4.148715
7	257.17135	15.935174	5.185202	19.028196
8	56.399198	122.126412	7.639521	111.154791
9	209.108851	7.714919	49.149441	31.346711
10	27.864448	38.655092	6.287882	224.5125
11	240.21541	14.125543	35.257974	7.720995
12	210.10813	6.228612	50.970281	30.012899
//
//
NA	CDX1,2,4.p2
PO	A	C	G	T
1	35.413303	14.42905	14.719405	26.089752
2	84.290751	3.708783	2.651976	0
3	8.178523	49.655634	0.925203	31.89215
4	47.143448	7.147226	6.346118	30.014718
5	50.759079	4.662631	33.419064	1.810736
6	44.579319	24.293139	0	21.779052
7	23.34252	34.675935	2.728696	29.904359
8	77.998747	5.563564	6.237357	0.851842
9	58.30186	0.864426	24.437907	7.047317
10	76.031374	1.836786	10.042352	2.740998
11	17.318536	10.906996	28.008987	34.416991
12	24.40405	16.339156	0.986844	48.92146
13	46.938051	21.03341	0.986844	21.693205
14	68.700895	0	14.677712	7.272903
15	0	3.593987	0.859481	86.198042
16	73.355963	0.899166	14.550641	1.84574
17	71.672612	5.434777	0	13.544121
18	77.099889	4.392148	9.159473	0
//
//
NA	CEBPA,B_DDIT3.p2
PO	A	C	G	T
1	10.506299	7.00982	6.09221	63.537485
2	10.421362	5.607241	36.468222	34.648989
3	48.458965	1.759748	33.624167	3.302934
4	0	10.1519	1.684365	75.309549
5	3.670238	1.681927	81.793649	0
6	8.71161	75.991983	0	2.442221
7	87.145814	0	0	0
8	85.514407	0	1.631407	0
9	0	24.842659	0	62.303155
10	23.904108	39.711172	17.41113	6.119404
11	5.938648	54.314687	1.662919	25.22956
12	0	53.92146	12.265893	20.958461
//
//
NA	CREB1.p2
PO	A	C	G	T
1	5.960217	55.541438	24.877275	12.921017
2	15.898007	23.81031	30.767267	28.824363
3	0	33.743518	33.733529	31.8229
4	17.855294	14.898331	66.546322	0
5	37.754591	4.952148	56.593208	0
6	0	0	0	99.299947
7	0	0	97.316866	1.983081
8	98.310826	0	0	0.989121
9	0	99.299947	0	0
10	0	0	99.299947	0
11	0	42.755017	0	56.54493
12	24.875808	36.686241	14.921353	22.816545
//
//
NA	CRX.p2
PO	A	C	G	T
1	19.874574	176.423127	5.064937	313.989421
2	38.460037	219.223655	50.73076	206.937607
3	176.422943	134.043033	59.402028	145.484055
4	34.835345	211.526421	49.312601	219.677692
5	3.020757	1.821231	0.845993	509.664078
6	487.053313	3.17637	14.910763	10.211613
7	513.713935	0	0.832488	0.805636
8	23.500342	58.588834	30.573048	402.689835
9	17.316049	385.153154	13.399889	99.4829669999999
10	51.305621	247.872625	0	216.173813
11	1.948972	328.155518	51.731487	133.516082
12	220.222556	178.479048	14.644007	102.006448
13	39.213585	193.924909	84.311062	197.902503
//
//
NA CTCF.p2
PO         A          C          G          T       cons         inf
01    123.71      94.36     123.78     136.49          N        0.01
02     42.03     139.85      50.47     245.97          T        0.34
03     74.16      81.50     204.83     117.84          N        0.13
04    130.40      34.69     239.38      73.86          R        0.30
05     21.71     440.29       1.17      15.15          C        1.51
06      0.00     477.58       0.00       0.74          C        1.98
07    410.26       0.95      29.45      37.66          A        1.26
08      3.27     291.94     182.25       0.85          C        0.97
09     58.15     280.00      10.34     129.83          C        0.55
10    462.13       0.00       8.60       7.60          A        1.75
11      0.08       0.00     478.24       0.00          G        2.00
12    225.88       0.00     252.44       0.00          G        1.00
13      2.66       0.58     269.76     205.33          G        0.96
14      0.18       0.00     478.14       0.00          G        2.00
15      0.51       2.12     467.10       8.59          G        1.82
16     24.84     419.89       2.07      31.52          C        1.32
17    272.21       0.79     201.79       3.54          A        0.94
18     31.84     228.02     207.47      10.99          S        0.58
19     50.05     190.07      30.72     207.48          Y        0.35
20    237.90     104.72     125.52      10.19          R        0.39
//

//
NA	CUX2.p2
P0	A	C	G	T
1	39.418249	4.548858	14.537682	35.810202
2	31.297621	5.910845	18.581513	38.525012
3	11.069885	8.390667	5.961764	68.892675
4	94.314991	0	0	0
5	0	0	0	94.314991
6	4.450095	21.749722	0	68.115174
7	0	0	94.314991	0
8	94.314991	0	0	0
9	0	0	0	94.314991
10	4.434765	24.161875	0.872847	64.845504
11	83.270569	0	3.299786	7.744636
12	13.041404	18.744349	13.20025	49.328988
13	8.726236	24.630116	0	60.958639
14	21.502148	5.981892	20.992991	45.83796
15	22.432606	3.665664	7.871514	60.345207
//
//
NA	DBP.p2
PO	A	C	G	T
1	395.055630000001	0.850258	1.365306	0
2	2.271608	0	382.102495000001	12.897091
3	1.010066	395.967591000001	0	0.293537
4	374.939040000001	0	0.859064	21.47309
5	258.676839	87.300021	1.954122	49.340212
6	339.976614000001	30.297828	0.644549	26.352203
7	65.005083	268.176732	2.058642	62.030737
//
//
NA	DMAP1_NCOR{1,2}_SMARC.p2
PO	A	C	G	T
1	66.182994	8.551344	2.003484	282.864563999999
2	50.118493	1.767241	170.113212	137.60344
3	93.8878240000001	1.982836	79.616861	184.114865
4	0.561712	296.779055	0.731482	61.530137
5	155.456632	19.389437	177.790795	6.965522
6	1.257013	35.383744	317.793158999999	5.16847
7	0.445108	0	0	359.157278
8	0	0	0	359.602386
//
//
NA	E2F1..5.p2
PO	A	C	G	T
1	0.918582	10.156214	5.230244	431.169229
2	3.46081	25.329755	7.636968	411.046736
3	0	3.227924	0	444.246345
4	0.828972	174.064174	269.220764	3.360359
5	0	84.324077	363.150192	0
6	2.598057	444.00102	0.875192	0
7	0.815621	0.854397	434.249419	11.554832
8	0	417.607644	25.638194	4.228431
//
//
NA	EBF1.p2
P0	A	C	G	T
1	35.736564	43.346026	31.927726	21.224408
2	40.319537	25.097355	48.676	18.141832
3	19.653445	69.263047	29.079804	14.238428
4	70.056897	0.938204	36.675475	24.564148
5	68.753828	8.494474	39.928708	15.057714
6	1.830617	65.164424	35.83389	29.405793
7	0	2.885366	1.829134	127.520224
8	1.886979	119.265036	3.616792	7.465917
9	0	130.390775	0	1.843949
10	0	113.360071	0	18.874653
11	29.86381	70.231678	0	32.139236
12	60.782575	10.508074	48.745422	12.198653
13	30.473341	0.902129	99.003523	1.855731
14	52.429385	0	76.90704	2.898299
15	0.972895	0.908878	130.352951	0
16	82.413608	9.26798	32.023964	8.529172
17	51.490577	32.26245	47.509697	0.972
18	9.533474	53.999977	32.92053	35.780743
19	32.68526	19.73632	53.784695	26.028449
20	3.69832	29.716713	54.18171	44.637981
21	28.019157	10.473004	91.854299	1.888264
22	18.868819	38.889143	31.993486	42.483276
//
//
NA	EGR1..3.p2
P0	A	C	G	T
1	18.813543	41.706482	76.283708	42.590648
2	5.974999	26.681542	58.428715	88.309125
3	0.996524	0	178.397857	0
4	1.993814	168.502352	0	8.898215
5	0	0	179.394381	0
6	0	0	40.625557	138.768824
7	15.887072	0	163.507309	0
8	0	0	179.394381	0
9	1.993033	0	177.401348	0
10	5.938158	138.787474	0	34.668749
11	0	0	178.411414	0.982967
12	1.994266	0.991321	153.66634	22.742454
//
//
NA	EHF.p2
PO	A	C	G	T
1	1303.02860613088	48.8325182984274	46.8995109790565	224.497554895282
2	294.430562214653	1303.02860613088	159.765525617798	116.799021958113
3	200.832518298427	1303.02860613088	123.866014638742	9.96650365968548
4	253.598043916226	1303.02860613088	0	18
5	0	6	1303.02860613088	0
6	3	1.96650365968548	1303.02860613088	5.96650365968548
7	1303.02860613088	34	9	11
8	1303.02860613088	16.9665036596855	0.96650365968548	38.9665036596855
9	492.430562214653	87.8995109790564	1303.02860613088	19.9665036596855
10	106.899510979056	182.698532937169	70.933007319371	1303.02860613088
//
//
NA	ELF1,2,4.p2
PO	A	C	G	T
1	0	342.549353	0.916751	128.133535
2	13.202399	0	0	458.39724
3	0	0	0	471.599639
4	0	471.599639	0	0
5	0	471.599639	0	0
6	4.695661	1.834158	370.668115	94.401705
7	3.873642	4.713322	463.012675	0
//
//
NA ELK1,4_GABP{A,B1}.p3
P0	A	C	G	T	cons
01	96.354	44.665	130.718	2.503	
02	8.322	207.962	57.740	0.216	
03	42.284	231.956	0.000	0.000	
04	0.000	0.000	274.240	0.000	
05	0.987	0.000	273.254	0.000	
06	274.240	0.000	0.000	0.000	
07	273.261	0.000	0.000	0.980	
08	19.484	7.354	247.403	0.000	
09	13.893	91.242	7.178	161.928	
10	20.884	43.325	188.241	21.791	
//
//
NA	EN1,2.p2
PO	A	C	G	T
1	65.556199	5.981981	23.729145	23.481068
2	73.467332	6.867307	34.388053	4.025701
3	40.147557	0.540887	77.54738	0.512569
4	0.320891	3.191648	11.025355	104.210499
5	50.881987	0.940498	48.999657	17.926251
6	30.813466	0.949641	86.830643	0.154643
7	28.974718	0.965593	0.460864	88.347218
8	15.196653	4.316124	58.616729	40.618887
9	6.185509	38.885829	32.432367	41.244688
10	2.905818	56.325217	1.7313	57.786058
11	3.372555	83.309837	2.784839	29.281162
//
//
NA	EOMES.p2
PO	A	C	G	T
1	577.162021715743	28.5116144160657	118.116144160657	79.534843248197
2	71.1626018249193	8.13937299278798	577.162021715743	98.1161441606566
3	0	18.5116144160657	577.162021715743	24.5116144160657
4	4.02322883213133	57.534843248197	18	577.162021715743
5	4.02322883213133	12	577.162021715743	14.5116144160657
6	0	103.558072080328	25.5116144160657	577.162021715743
7	34.0464576642627	44.5813009124597	577.162021715743	63.209059489182
8	577.162021715743	6.02322883213133	0	0
9	577.162021715743	117.58130091246	50.5813009124597	169.627758576722
//
//
NA	EP300.p2
P0	A	C	G	T
1	35.49157	16.481188	73.516853	20.790065
2	27.696854	76.673188	32.54469	9.364944
3	72.505788	35.50347	36.025037	2.245381
4	30.705904	2.230167	107.51876	5.824845
5	7.505965	0	138.232668	0.541043
6	35.588804	1.914633	104.035228	4.741011
7	142.292375	1.273587	2.287194	0.42652
8	0.558735	1.04172	144.185168	0.494053
9	3.440176	0.411554	0	142.427946
10	6.803091	1.823037	113.177269	24.476279
11	41.088549	31.016032	37.356763	36.818332
12	10.023279	22.846417	103.99303	9.41695
13	27.283496	52.010959	20.505118	46.480103
14	4.653891	46.200455	80.853889	14.571441
//
//
NA	ESR1.p3
PO	A	C	G	T
1	122	120	154	71
2	107	80	164	117
3	64	173	149	82
4	83	229	65	93
5	134	232	47	57
6	308	28	89	48
7	36	8	387	43
8	19	18	420	18
9	33	41	91	310
10	4	394	53	24
11	398	13	27	37
12	58	250	107	60
13	63	276	53	83
14	64	258	97	56
15	32	19	8	416
16	21	22	426	6
17	305	106	31	33
18	10	436	12	17
19	59	353	2	61
20	26	165	22	262
//
//
NA	ESRRA.p2
P0	A	C	G	T
1	44.64854	31.684806	36.274933	84.308012
2	17.244182	33.519211	95.619316	50.533582
3	20.890245	89.738848	34.296447	51.990751
4	13.24859	28.395565	12.626912	142.645224
5	27.470769	116.205822	45.745188	7.494512
6	171.292715	0.916528	23.7455	0.961548
7	195.93997	0.976321	0	0
8	0.925935	0	195.052542	0.937814
9	0	0	196.916291	0
10	3.80406	0	0	193.112231
11	0	195.07236	1.843931	0
12	196.916291	0	0	0
13	19.960642	133.250831	20.076895	23.627923
14	84.822425	25.660993	52.00175	34.431123
//
//
NA	ETS1,2.p2
P0	A	C	G	T
1	47.685931	6.803033	77.993618	31.239535
2	84.731835	18.480462	58.552862	1.956958
3	0.990159	136.396697	24.410232	1.925029
4	141.323152	21.420391	0	0.978574
5	0	0	163.722117	0
6	2.930294	0	160.791823	0
7	163.722117	0	0	0
8	155.954234	0	6.805149	0.962734
9	40.782745	9.684443	113.254929	0
10	0	50.507312	0.994738	112.220067
11	50.731812	25.381731	84.699125	2.909449
12	55.44443	42.846323	32.288882	33.142482
13	2.947531	55.427095	54.543779	50.803712
14	19.486258	45.704812	17.734859	80.796188
//
//
NA	EVI1.p2
PO	A	C	G	T
1	111.999089	10.282831	34.622885	26.832715
2	150.824301	0	16.413455	16.499764
3	5.50275	5.726982	164.213447	8.294341
4	173.76799	5.312885	1.928852	2.727793
5	37.835213	71.167831	5.398375	69.336101
6	178.099433	1.940236	3.697851	0
7	161.884421	0	20.142677	1.710422
8	6.247784	2.603933	173.045476	1.840327
9	175.46784	0.861074	6.566768	0.841838
10	12.80888	35.686617	2.695602	132.546421
11	157.550982	7.317279	6.402303	12.466956
12	162.222251	0	21.515269	0
13	60.364844	37.526971	45.763322	40.082383
14	118.568823	29.171465	21.922535	14.074697
//
//
NA	EWSR1-FLI1.p2
PO	A C G T
1	0	0	105	0
2	2	0	103	0
3	104	0	1	0
4	104	0	1	0
5	1	0	104	0
6	2	0	102	1
7	103	0	2	0
8	102	0	3	0
9	0	0	104	1
10	0	2	103	0
11	99	4	2	0
12	105	0	0	0
13	0	0	105	0
14	0	2	103	0
15	100	3	0	2
16	102	0	2	1
17	5	0	97	3
18	3	3	97	2
//
//
NA	FEV.p2
PO	A C G T
1	2	9	1	1
2	9	3	1	0
3	0	0	13	0
4	0	0	13	0
5	13	0	0	0
6	12	0	0	1
7	7	0	6	0
8	0	0	0	13
//
//
NA	FOS_FOS{B,L1}_JUN{B,D}.p2
PO	A	C	G	T
1	99.97107	11.688414	338.22872	0
2	0.910573	0	0	448.977631
3	0	0.854774	449.03343	0
4	446.405224	3.48298	0	0
5	4.515483	144.378279	259.858491	41.135951
6	0.875667	4.567959	0	444.444578
7	34.538046	414.492394	0.857764	0
8	449.888204	0	0	0
//
//
NA	FOSL2.p2
PO	A	C	G	T
1	0.47207	0	0.545003	568.465125999999
2	0	0	564.701628	4.780571
3	569.482199	0	0	0
4	0.45481	523.594435	24.227046	21.205908
5	34.557962	49.428386	19.697237	465.798613999999
6	21.514483	482.867335	9.298383	55.801998
7	495.615002	51.466008	13.731495	8.669694
8	83.937226	190.086618	167.721497	127.736858
9	142.620193	124.073782	175.62958	127.158644
10	14.736366	167.157934	294.568052	93.019847
11	59.17393	92.809032	170.277928	247.221309
12	60.412411	205.308414	167.303971	136.457403
//
//
NA	FOXA2.p3
PO	A	C	G	T
01	1	1	1	805
02	221	3	582	3
03	1	1	1	806
04	1	3	36	769
05	1	1	175	634
06	736	4	67	3
07	2	725	2	81
08	338	77	3	391
09	50	265	58	436
10	417	6	24	360
11	131	53	482	140
12	129	195	290	189
//
//
NA	FOX{C1,C2}.p2
PO	A	C	G	T
1	23.949503	14.453018	31.484367	7.793602
2	3.315632	23.072918	45.574511	5.717429
3	16.015399	23.360402	8.878346	29.426343
4	35.835806	9.98666700000001	31.692063	0.165954
5	53.3803950000001	2.317937	8.462714	13.519444
6	0.189205	0	77.4912849999999	0
7	0	0	0	77.6804899999999
8	77.074793	0	0.605697	0
//
//
NA	FOX{D1,D2}.p2
P0	A	C	G	T
1	2.937794	0	239.364604	0
2	0	0	0	242.302398
3	241.311987	0	0.990411	0
4	242.302398	0	0	0
5	242.302398	0	0	0
6	0	240.368691	0	1.933707
7	242.302398	0	0	0
8	108.402394	26.622118	32.198583	75.079303
//
//
NA	FOXD3.p2
PO	A	C	G	T
1	154.712251	17.314213	203.879063	87.619573
2	238.138409	21.943057	4.594301	198.849333
3	200.2168	6.461338	2.721584	254.125378
4	6.422627	18.630391	1.802354	436.669728
5	167.589292	2.787867	275.011644	18.136297
6	0	1.927834	0.977824	460.619442
7	2.745713	2.715855	0	458.063532
8	23.895926	4.507523	52.488802	382.632849
9	211.523532	0.976039	161.46653	89.558999
10	28.777171	92.514915	0	342.233014
11	9.092928	19.563826	12.130376	422.73797
12	0	51.467094	4.470982	407.587024
//
//
NA	FOX{F1,F2,J1}.p2
PO	A	C	G	T
1	15.560501	73.937943	50.527688	50.349155
2	59.275527	64.905836	42.388555	23.805369
3	104.767334	20.784476	28.476291	36.347186
4	108.432394	21.092811	40.953644	19.896438
5	54.841624	60.136127	68.855782	6.541754
6	80.421927	0	109.010223	0.943137
7	1.844452	1.799479	0.899363	185.831993
8	184.678233	3.771389	1.925665	0
9	187.582979	2.792308	0	0
10	189.420697	0	0.95459	0
11	0.947851	172.244088	0	17.183348
12	188.555358	1.819929	0	0
13	122.225229	30.236524	22.853126	15.060408
14	77.15848	28.437877	41.298841	43.480089
//
//
NA	FOX{I1,J2}.p2
P0	A	C	G	T
1	63.492617	5.830672	156.12252	129.807084
2	44.176786	76.058729	118.871252	116.146126
3	101.117025	42.527183	75.279759	136.328926
4	0.953124	1.941216	1.891902	350.466651
5	142.519801	0	211.785715	0.947377
6	0	1.941418	1.945366	351.366109
7	0	0	1.965226	353.287667
8	0	0	0.935042	354.317851
9	197.445328	0	157.807565	0
10	1.935367	1.946675	25.205552	326.165299
11	37.567618	8.596172	32.776175	276.312928
12	6.760561	22.194235	10.514705	315.783392
//
//
NA	FOXL1.p2
PO	A	C	G	T
1	40.217488	0.50505	13.35368	84.258105
2	84.6591579999999	9.996725	3.479319	40.199121
3	38.847622	8.943745	19.04564	71.497316
4	110.780948	7.114826	19.35113	1.087419
5	24.305445	64.142776	0.286345	49.599757
6	130.91112	0	7.423203	0
7	0	12.293696	0	126.040627
8	138.111511	0.222812	0	0
//
//
NA	FOXN1.p2
P0	A	C	G	T
1	110.135462	2.51157	34.082876	2.492547
2	49.034161	16.676736	81.740241	1.771317
3	11.739654	56.775252	26.917668	53.789881
4	0	9.965876	139.256579	0
5	149.222455	0	0	0
6	0	149.222455	0	0
7	0	0	149.222455	0
8	0	149.222455	0	0
9	0.723504	58.492563	19.569527	70.436861
10	54.436819	22.430483	18.325945	54.029208
11	11.08673	47.604425	23.605741	66.925559
//
//
NA	FOXO1,3,4.p2
PO	A	C	G	T
1	101.413911	94.635818	133.032405	126.384869
2	76.561884	91.194457	106.890581	180.820081
3	32.429442	75.654437	134.271031	213.112093
4	1.865641	26.753538	3.506124	423.3417
5	0	0	0	455.467003
6	6.336894	0.908948	448.221161	0
7	0.949393	0	0	454.51761
8	0	0	0.940283	454.52672
9	7.013647	4.448498	6.245543	437.759315
10	343.534546	1.797056	12.074726	98.060675
11	1.805636	364.115682	12.172721	77.372964
12	181.063669	77.243694	84.506906	112.652734
13	85.951576	57.019699	39.435158	273.06057
14	93.454438	84.005533	70.320489	207.686543
//
//
NA	FOXP3.p2
PO	A	C	G	T
1	33.093759	2.568386	42.454575	1.487499
2	51.430673	8.664028	3.306979	16.202539
3	54.947198	4.568207	16.91955	3.169264
4	27.119889	9.335891	38.80781	4.340629
5	15.395579	3.702614	11.439615	49.066411
6	6.982687	0.982121	53.138368	18.501043
7	1.469805	26.182619	0.785121	51.166674
8	1.470865	4.052472	2.40566	71.675222
9	18.33104	2.501553	49.307033	9.464593
10	5.725867	5.884253	4.46143	63.532669
11	3.325094	16.068643	7.509862	52.70062
12	11.636988	6.653376	8.339676	52.974179
13	2.308951	69.989651	3.210888	4.094729
14	63.15204	1.394317	0	15.057862
15	5.513904	2.385672	41.741118	29.963525
16	59.294445	1.745581	16.882375	1.681818
17	3.727559	42.026756	14.586437	19.263467
//
//
NA	FOXQ1.p2
PO	A	C	G	T
1	135.783419	93.159115	65.665765	138.067566
2	281.667875	25.685288	83.106136	42.216566
3	106.792173	58.425604	9.589511	257.868577
4	33.293845	4.111589	0	395.270431
5	20.575037	2.544927	399.114486	10.441415
6	0	4.865495	0.838191	426.972179
7	0.882738	0	0	431.793127
8	2.352398	8.666084	0	421.657383
9	392.154831	0.794308	33.578552	6.148174
10	4.886994	55.00753	27.641499	345.139842
11	102.421317	5.088024	45.973449	279.193075
//
//
NA	GATA1..3.p2
PO	A	C	G	T
1	115.271276	17.057823	51.02665	64.138977
2	0	0	247.494726	0
3	247.494726	0	0	0
4	0	0	0	247.494726
5	108.130873	0	127.676443	11.68741
6	23.166574	7.095852	213.192082	4.040218
//
//
NA	GATA6.p2
PO	A	C	G	T
1	41.502233	12.832145	32.665057	9.529952
2	28.102876	29.232742	24.052807	15.140962
3	50.134034	12.666223	3.70024	30.02889
4	0	0	96.529387	0
5	96.529387	0	0	0
6	0	0	0	96.529387
7	77.226411	0.415174	5.241423	13.646379
8	86.865706	0.704335	7.869418	1.089928
9	21.587058	11.502399	53.325899	10.114031
10	18.554943	24.639425	39.270263	14.064756
//
//
NA	GFI1B.p2
PO	A	C	G	T
1	10.540338	71.791513	2.865303	107.100184
2	175.945823	14.37947	0.995685	0.97636
3	191.35194	0	0.945398	0
4	190.413016	0.958533	0.925789	0
5	0	0	0	192.297338
6	0	190.367448	0.947069	0.982821
7	188.529043	1.863681	0	1.904614
8	15.495642	122.054161	52.852625	1.89491
9	30.866216	12.278233	31.771846	117.381043
10	12.428222	23.931498	126.302551	29.635067
11	14.282702	138.651393	4.78357	34.579673
12	73.569417	36.757627	20.396231	61.574063
//
//
NA	GFI1.p2
PO	A	C	G	T
1	37.711504	545.640392	68.411948	131.319303
2	307.79035	447.443043	27.849754	0
3	781.753104999999	0	1.330042	0
4	783.083146999999	0	0	0
5	0	0	0	783.083146999999
6	1.495057	780.088571999999	0	1.499518
7	594.020252	85.668461	44.560901	58.833533
8	55.42408	471.53301	196.953489	59.172568
9	339.399882	233.557475	9.343329	200.782461
10	118.007463	88.737423	550.590646	25.747615
//
//
NA	GLI1..3.p2
PO	A	C	G	T
1	75.033195	143.248388	71.516012	151.652074
2	11.575947	208.362379	143.52364	77.987703
3	4.418071	33.330277	6.690959	397.010362
4	1.72399	4.162452	388.656597999999	46.906629
5	5.472576	3.206933	422.533477	10.236683
6	2.658861	0.883544	436.988723999999	0.91854
7	40.14199	9.788756	33.697442	357.821481
8	0	3.436089	426.298118	11.715462
9	2.713406	7.405434	412.849021999999	18.481807
10	12.159647	76.17695	40.998871	312.114201
11	1.735053	353.33322	60.77223	25.609166
12	18.752311	223.717371	74.857094	124.122893
//
//
NA	GTF2A1,2.p2
PO	A	C	G	T
1	0.470459	30.618276	1.549277	94.212023
2	46.664693	73.505154	1.833437	4.846751
3	0	5.575778	6.963839	114.310418
4	45.885934	2.674796	48.843714	29.445591
5	69.444167	15.412824	5.961488	36.031556
6	90.606405	0.528435	35.715195	0
7	116.679781	0.471931	9.698323	0
8	8.303826	1.656703	114.958237	1.931269
9	10.281217	8.952193	106.069707	1.546918
10	59.975441	4.657693	62.216901	0
11	27.210159	28.851283	69.822047	0.966546
12	2.249864	78.205061	41.855984	4.539126
//
//
NA	GTF2I.p2
PO	A	C	G	T
1	34.203684	0.892057	54.768242	2.785252
2	0	0	92.649235	0
3	83.370592	0	9.278643	0
4	0	5.534925	87.11431	0
5	0	0	89.920783	2.728452
6	0.952161	0	78.571688	13.125386
7	89.923188	0	0	2.726047
8	0.915624	0	90.796984	0.936627
9	0.915316	0	91.733919	0
//
//
NA	GZF1.p2
PO	A	C	G	T
1	0.678277	9.171949	6.371559	69.834135
2	3.059487	0	82.996433	0
3	1.570606	79.489634	1.680026	3.315654
4	4.944468	5.793577	73.281977	2.035898
5	3.36156	73.2695	3.059487	6.365373
6	15.416782	7.242432	29.630338	33.766368
7	1.589441	0.680838	8.937115	74.848526
8	25.074942	55.732074	3.136795	2.112109
9	1.51878	11.452488	0	73.084652
10	78.435319	0	3.465387	4.155214
11	0	28.031803	0	58.024117
12	78.309813	1.670628	1.709443	4.366036
//
//
NA	HAND1,2.p2
PO	A	C	G	T
1	144.540488	74.821097	55.486735	82.007761
2	104.539484	67.207398	55.969736	129.139463
3	83.949747	21.422218	117.543519	133.940597
4	62.648236	25.776865	182.535803	85.895177
5	75.942786	17.493011	247.779789	15.640495
6	49.405159	92.908974	101.970534	112.571414
7	153.902529	1.419327	165.927643	35.606582
8	3.66179	35.514498	0.732889	316.946904
9	2.102119	342.827655	6.83919	5.087117
10	2.954056	0	0	353.902025
11	2.272159	0	354.583922	0
12	8.282547	18.706997	326.993624	2.872913
13	109.161083	190.783254	13.734571	43.177173
14	167.485349	10.405744	54.17838	124.786608
15	45.306848	76.115128	36.537139	198.896966
16	47.164306	65.102052	42.121172	202.468551
//
//
NA	HBP1_HMGB_SSRP1_UBTF.p2
P0	A	C	G	T
1	168.857612	0.467502	0	50.585461
2	0	0.922556	0.475863	218.512156
3	0	0	0	219.910575
4	3.190442	0	216.720133	0
5	0	1.086157	0	218.824418
6	0	13.774928	4.311582	201.824065
//
//
NA	HES1.p2
PO	A	C	G	T
1	80.808972	11.249773	39.061469	14.995038
2	28.440603	26.754599	81.409208	9.510842
3	12.650727	41.486412	90.2629949999999	1.715118
4	1.960487	76.171917	57.730483	10.252365
5	8.504523	130.471667	6.342192	0.79687
6	5.639195	2.041314	69.816369	68.618374
7	0.638095	99.942533	4.960445	40.574179
8	0	0.703482	141.426946	3.984824
9	3.537357	5.713856	1.797543	135.066496
10	0.730541	0	145.384711	0
11	3.586287	56.014524	78.905086	7.609355
12	4.923562	83.816842	39.205761	18.169087
13	5.412505	93.915447	16.853385	29.933915
14	45.718707	59.418477	29.946477	11.031591
15	22.070148	21.922053	98.546611	3.57644
//
//
NA	HIC1.p2
PO	A	C	G	T
1	16.036779	400.314749	252.832396	129.158191
2	169.486854	190.263125	323.424616	115.16752
3	136.043167	132.386673	514.355316	15.556959
4	0	152.717526	608.738164	36.886425
5	87.815317	20.287084	658.067803	32.171911
6	57.783052	222.554348	387.860645	130.14407
7	0	8.381785	2.084045	787.876284999999
8	0	2.563355	795.778759999999	0
9	0	798.342114999999	0	0
10	82.278891	545.320491	121.390989	49.351744
11	11.84575	574.518785	182.654909	29.322671
12	46.628883	217.985566	500.585965	33.141701
13	78.74285	446.229578000001	261.594763	11.774924
14	162.355746	173.656868	385.504271	76.82523
15	55.120838	275.577444	429.541251	38.102582
16	22.65987	212.894476	481.443724	81.344045
17	66.22211	452.036894000001	229.193313	50.889798
18	16.696347	420.451095000001	270.618302	90.576371
//
//
NA	HIF1A.p2
PO	A	C	G	T
1	33.824288	54.671922	331.115412	15.161029
2	79.142787	253.880633	59.924887	41.824344
3	47.02329	109.11977	257.827899	20.801692
4	8.319895	133.638655	172.005177	120.808924
5	412.736203	2.718149	17.557761	1.760538
6	6.001117	414.469595	0.768439	13.5335
7	1.586441	9.980218	420.608474	2.597518
8	0	3.4906	0	431.282051
9	0	0	434.772651	0
10	16.818793	322.633932	82.137487	13.182439
11	48.91639	75.238315	253.898711	56.719235
12	9.712206	113.253031	265.745792	46.061622
13	11.569316	244.170926	141.883305	37.149104
14	67.553202	188.898655	96.723373	81.597421
//
//
NA	HLF.p2
PO	A	C	G	T
1	15.083332	33.955993	75.167261	41.626287
2	54.541925	0.787164	110.503784	0
3	0	0	0	165.832873
4	0	0.734874	34.806442	130.291557
5	131.280903	0	12.537574	22.014396
6	4.18634	125.694089	0.765748	35.186696
7	92.047153	0.818288	72.967432	0
8	0.757559	65.009872	0	100.065442
9	129.986092	30.669068	4.314643	0.86307
10	151.383986	0	4.231202	10.217685
11	15.00296	32.847134	13.99159	103.991189
12	29.471519	55.622648	30.174087	50.564619
//
//
NA	HMGA1,2.p2
PO	A	C	G	T
1	235.847782	71.173251	26.046643	132.90618
2	142.284081	108.258384	97.81561	117.615781
3	53.792235	10.29034	72.089642	329.801639
4	24.973972	7.917489	246.146631	186.935764
5	58.205123	184.451872	144.137375	79.1794859999999
6	374.096017	35.382561	15.635845	40.859433
7	271.248331	0.905912	39.036638	154.782975
8	71.053665	4.338248	8.722454	381.859489
9	0	16.488609	0	449.485247
10	26.340859	2.425357	4.649761	432.557879
11	36.747302	176.065303	29.468136	223.693115
12	26.732693	195.16723	0.938174	243.135759
13	30.274585	97.0904880000001	0.338008	338.270775
14	106.640964	71.919639	118.468048	168.945205
15	181.560828	19.573	67.598113	197.241915
//
//
NA	HMX1.p2
PO	A	C	G	T
1	0	94.386066	3.963131	0
2	97.360507	0	0.98869	0
3	75.922317	3.904605	18.522275	0
4	0	2.909393	95.439804	0
5	0.986644	0	0	97.362553
6	1.94271	0	93.492128	2.914359
7	14.704553	68.996977	7.777652	6.870015
8	7.847022	2.908617	87.593558	0
9	6.80965	6.836416	0.987379	83.715752
10	4.888545	1.945351	91.515301	0
//
//
NA	HNF1A.p2
PO	A	C	G	T
1	27.468868	0	66.025419	4.892872
2	5.864437	0	92.522722	0
3	0	0.977698	0	97.409461
4	0.983163	0	0	97.403996
5	97.417873	0	0	0.969286
6	81.790281	6.852763	0	9.744115
7	2.920092	0	0	95.467067
8	19.717219	20.704112	36.419091	21.546737
9	65.002053	0	2.952382	30.432724
10	1.952632	1.97802	0	94.456507
11	0.970397	26.656591	0	70.760171
12	61.902124	4.942555	17.776383	13.766097
13	33.451688	28.620565	26.511677	9.803229
14	22.497413	63.126309	0	12.763437
//
//
NA	HNF4A_NR2F1,2.p2
P0	A	C	G	T
1	209.825767	329.032268	228.586018	1920.087492
2	260.061425	119.867157	2206.75015	100.852813
3	1357.38201299999	387.700395	866.971820999998	75.477316
4	770.282469	1644.426108	78.544657	194.278311
5	17.402981	2498.41764	41.799826	129.911098
6	24.693854	455.207997	7.713508	2199.916186
7	9.986773	745.074285	30.750511	1901.719976
8	50.752021	122.759129	38.829071	2475.191324
9	217.714406	126.458709	2296.154087	47.204343
10	977.230992	840.577741	692.368272999998	177.354539
11	464.188177	1679.890756	119.483774	423.968838
12	128.447856	2364.470049	44.7446	149.86904
13	153.785119	1231.99021	87.9236150000001	1213.832601
14	90.3206579999999	913.971170999999	504.994968	1178.244748
//
//
NA	HOX{A4,D4}.p2
P0	A	C	G	T
1	59.405703	0.80491	27.344188	0.541267
2	42.982944	6.277354	0	38.83577
3	83.4973509999999	0	1.945583	2.653134
4	87.3588629999999	0	0	0.737205
5	4.316322	6.338996	0.544015	76.896735
6	0	2.921714	3.278825	81.8955289999999
7	43.489619	0	43.995291	0.611158
8	1.940413	0	86.1556549999999	0
//
//
NA	HOX{A5,B5}.p2
PO	A	C	G	T
1	32.652369	49.645284	25.143821	168.016337
2	19.795402	71.148238	133.87144	50.642731
3	19.642589	185.480693	31.576872	38.757657
4	57.977116	143.143497	11.039453	63.297745
5	78.367393	124.77455	7.617958	64.69791
6	84.007147	74.630565	27.248819	89.57128
7	25.856554	137.227254	43.778716	68.595287
8	55.373057	67.438121	7.193718	145.452915
9	21.144388	114.767807	21.359345	118.186271
10	21.203892	237.724668	3.473775	13.055476
11	30.259889	178.841815	14.025013	52.331094
12	21.589623	152.35104	2.357525	99.159623
13	40.6671	191.691827	6.300925	36.797959
14	229.542383	12.397945	23.009236	10.508247
15	5.708053	13.103787	4.830926	251.815045
16	2.459556	24.515158	8.16236	240.320737
17	220.75601	20.512557	17.877866	16.311378
18	5.761396	87.846367	79.469502	102.380546
19	6.267044	54.124006	4.948551	210.11821
20	40.420281	80.953905	112.984996	41.098629
21	46.749459	111.127125	59.814251	57.766976
22	84.096114	19.79111	82.6323009999999	88.9382860000001
23	50.564299	128.678881	29.277327	66.937304
24	79.050257	70.612716	73.778101	52.016737
25	96.148222	115.562844	19.100366	44.646379
26	61.147827	123.780276	47.459665	43.070043
27	66.520138	107.600672	8.094193	93.242808
28	17.556557	109.96729	5.51005	142.423914
29	28.959766	177.763193	32.963672	35.77118
30	98.229717	75.055955	50.30221	51.869929
//
//
NA	HOX{A6,A7,B6,B7}.p2
PO	A	C	G	T
1	0	0	0	165.517708
2	164.782677	0	0	0.735031
3	165.517708	0	0	0
4	0	0	0	165.517708
//
//
NA	HOXA9_MEIS1.p2
PO	A	C	G	T
1	1.638875	0.827933	0	180.753536
2	5.120478	1.705405	172.90158	3.492881
3	166.089293	0.814588	16.316463	0
4	4.621052	162.952371	9.209765	6.437156
5	162.868224	4.584767	14.867742	0.899611
6	4.47128	18.107351	136.244488	24.397225
7	15.748433	29.424199	29.048132	108.99958
8	6.199629	0	0	177.020715
9	11.594851	19.35169	3.470664	148.803139
10	33.06214	18.195223	14.854617	117.108364
11	129.252581	8.679773	12.74349	32.5445
12	10.10777	60.852051	8.875566	103.384957
13	61.993748	2.511816	68.392681	50.322099
14	87.486021	7.497858	83.957926	4.278539
//
//
NA	HSF1,2.p2
P0	A	C	G	T
1	119.879483	0.677159	78.430191	7.154042
2	0	0	206.140875	0
3	195.161532	0.505542	10.473801	0
4	198.850118	0	5.132763	2.157994
5	47.497782	46.137039	46.257771	66.248283
6	46.974012	14.479836	122.994019	21.693008
7	20.283218	19.200842	13.113723	153.543092
8	2.277885	14.737884	19.894937	169.230169
9	0	204.97443	0	1.166445
10	25.626632	23.528338	66.773342	90.212563
//
//
NA	IKZF1.p2
P0	A	C	G	T
1	60.899511	70.253561	98.562709	20.204824
2	54.963245	83.926718	19.441158	91.589484
3	14.102366	63.839836	78.367154	93.611249
4	5.842795	52.404531	0.775807	190.897472
5	29.963979	0	219.956626	0
6	0	0	249.920605	0
7	0	0	249.920605	0
8	249.09642	0.824185	0	0
9	216.013296	4.107935	0.831962	28.967412
10	51.518272	57.910278	35.033172	105.458883
11	85.68868	57.230033	75.086275	31.915617
12	13.252056	191.584411	20.73489	24.349248
13	13.022356	182.101583	17.785691	37.010975
//
//
NA	IKZF2.p2
PO	A	C	G	T
1	210.596376	19.646447	25.128518	163.589504
2	154.082792	79.755492	32.343592	152.778969
3	255.863713	21.608971	33.52107	107.967091
4	330.105283	0	6.523747	82.331815
5	1.536738	0	416.691119	0.732988
6	2.692804	0	416.268041	0
7	410.99694	0.798862	4.011646	3.153397
8	392.571877	8.625352	7.749571	10.014045
9	406.285745	3.467707	3.539937	5.667456
10	398.681751	1.62625	11.057971	7.594873
11	182.866753	100.129379	49.744733	86.21998
//
//
NA IRF1,2,7.p3
POS	A	C	G	T	CONS	INF
1	43.73	10.69	25.43	17.45	a	0.18
2	39.04	4.91	36.94	16.41	a	0.29
3	26.38	65.03	187.64	15.76	g	0.57
4	53.23	18.69	221.91	0.98	G	0.97
5	267.09	0.00	27.73	0.00	A	1.55
6	292.87	1.94	0.00	0.00	A	1.94
7	286.16	0.98	0.97	6.71	A	1.78
8	54.95	55.86	159.75	24.26	g	0.32
9	1.97	153.23	12.52	127.09	c	0.74
10	16.46	4.87	273.49	0.00	G	1.57
11	294.82	0.00	0.00	0.00	A	2.00
12	293.84	0.97	0.00	0.00	A	1.97
13	284.07	0.00	5.88	4.87	A	1.74
14	19.70	141.68	127.63	5.81	c	0.60
15	15.73	158.45	9.91	110.72	c	0.60
16	89.43	50.86	101.65	52.88	*	0.07
17	130.22	24.43	99.02	41.15	a	0.26
18	135.13	69.31	65.86	24.51	a	0.21
19	85.95	32.56	29.62	49.39	a	0.14
20	33.40	88.02	46.43	29.67	c	0.14
//
//
NA	JUN.p2
P0	A	C	G	T
1	0	71.920516	5.136927	2321.167412
2	6.343232	0.610878	2368.907662	22.363083
3	2366.440619	3.270033	21.954732	6.559471
4	8.6881	2360.229486	9.80894	19.498329
5	430.199513	114.155785	1836.073645	17.795912
6	4.849236	26.90934	1.006973	2365.459306
7	21.20039	2000.665326	111.518418	264.840721
8	2170.863746	65.585411	54.215687	107.560011
//
//
NA	KLF12.p2
PO	A	C	G	T
1	3.284824	62.513804	0	0
2	50.091012	6.25788	0	9.449736
3	3.723718	0.272479	61.802431	0
4	0	11.795483	0	54.003145
5	6.303348	1.113178	57.655464	0.726638
6	1.026104	0.563401	62.694636	1.514487
7	6.992982	0	52.003364	6.802282
//
//
NA	KLF4.p3
PO	A	C	G	T
01	1468	81	1022	1765
02	88	9	4237	6
03	14	13	4304	13
04	14	36	4281	16
05	277	1922	11	2139
06	22	15	4273	34
07	42	80	2179	2042
08	264	46	3902	125
09	123	130	3789	289
10	254	2858	280	932
//
//
NA	LEF1_TCF7_TCF7L1,2.p2
PO	A	C	G	T
1	42.996634	371.910482	214.74356	178.018258
2	132.889026	409.048828	141.553256	124.177824
3	0	789.040832	15.635632	2.99247
4	4.659078	27.677607	0	775.332249
5	0	0	0.729791	806.939143
6	0.941119	0.809995	0	805.91782
7	8.049885	2.534043	790.705147	6.379859
8	517.438708	4.426101	1.358877	284.445248
9	244.226696	15.639711	39.146757	508.65577
10	68.533751	376.684561	323.772487	38.678135
11	56.115688	273.429364	50.756004	427.367878
12	41.097566	267.948665	129.422789	369.199914
//
//
NA	LHX3,4.p2
PO	A	C	G	T
1	679.313754000001	81.3172449999999	41.652985	17.604661
2	400.548818	31.782859	110.412035	277.144933
3	8.668913	5.30194	60.954769	744.963023
4	8.048937	6.643767	16.281852	788.914089
5	804.900143	8.654939	2.400544	3.933019
6	812.543780000001	0.734599	1.368708	5.241558
7	5.253785	11.001884	2.359325	801.273651
8	45.293243	43.603259	32.151485	698.840658
9	703.091573	10.158382	3.449409	103.189281
10	458.058637	70.666045	134.98525	156.178713
//
//
NA	LMO2.p2
P0	A	C	G	T
1	2.942716	114.540563	59.673411	4.876059
2	22.421669	28.376564	92.064334	39.170182
3	10.771478	73.513775	94.832319	2.915177
4	0	182.032749	0	0
5	182.032749	0	0	0
6	5.941092	0	175.107409	0.984248
7	0	8.818541	173.214208	0
8	0	0	0	182.032749
9	0	0	182.032749	0
10	0	129.135528	18.567692	34.329529
11	49.905299	23.359245	35.318504	73.449701
12	19.537962	30.283494	108.659716	23.551577
//
//
NA	MAFB.p2
PO	A	C	G	T
1	0	0	430.143847	0
2	2.064792	426.32868	0	1.750375
3	0	72.81082	10.185366	347.147661
4	5.314898	0.713007	423.411131	0.704811
5	396.956227	31.47169	0	1.71593
6	35.561664	307.812931	12.203589	74.565663
7	61.537036	3.110382	293.070654	72.425775
8	11.121476	199.278785	169.965656	49.77793
//
//
NA	MAZ.p2
PO	A	C	G	T
1	59.553508	0	427.653916	8.936105
2	0	0	496.143529	0
3	0	0	495.153787	0.989742
4	0	0.989003	495.154526	0
5	415.896106	80.247423	0	0
6	2.96858	0	493.174949	0
7	12.895182	0.990363	482.257984	0
8	0	0	496.143529	0
//
//
NA	MEF2{A,B,C,D}.p2
PO	A	C	G	T
1	8.697041	340.133407	12.650855	128.919324
2	0	2.892018	0	487.508609
3	486.483248	1.961826	1.955553	0
4	11.797862	9.636189	0	468.966576
5	14.554916	4.895603	0	470.950108
6	4.881847	3.934105	0	481.584675
7	215.607087	2.90439	0	271.88915
8	21.295634	9.683128	0.949883	458.471982
9	477.743661	0	12.656966	0
10	59.714874	5.749375	410.331576	14.604802
//
//
NA	MSX1,2.p2
P0	A	C	G	T
1	1.344309	25.356356	0.132901	3.664845
2	8.241792	6.841129	3.24168	12.17381
3	1.861585	5.693302	18.743901	4.199623
4	0.7003	2.252222	0.22213	27.323759
5	24.748232	0.14443	2.095333	3.510416
6	23.760977	1.927123	0	4.810311
7	9.227649	3.049867	3.302279	14.918616
8	0	0.478109	0	30.020302
9	1.772144	0.169098	27.579629	0.97754
//
//
NA	MTF1.p2
PO	A	C	G	T
1	19.782949	79.876284	111.279923	249.562657
2	3.565869	218.368024	166.003663	72.564257
3	8.815464	26.298415	13.296325	412.091609
4	2.68771	19.83034	437.983763	0
5	1.749333	441.841417	8.397633	8.51343
6	270.963155	15.814212	171.065183	2.659263
7	2.588562	440.205163	14.976414	2.731674
8	106.363753	223.593283	16.704678	113.840099
9	0.895053	442.149574	8.241918	9.215268
10	101.247874	52.489408	271.926599	34.837932
11	5.439971	46.735555	386.505788	21.820499
12	25.409366	380.704494	50.949045	3.438908
13	41.2458	345.001006	51.818465	22.436542
14	3.509096	375.838249	54.254978	26.89949
//
//
NA	MYBL2.p2
PO	A	C	G	T
1	13.982828	8.515955	0.746939	128.656069
2	151.132855	0	0.768936	0
3	148.477554	0	0.770951	2.653286
4	0.768936	150.408246	0.724609	0
5	11.832922	55.423039	15.875864	68.769966
6	26.93189	2.299531	119.178428	3.491942
7	8.540332	20.13897	0	123.222489
8	0	38.099288	0	113.802503
9	24.210114	0	0	127.691677
//
//
NA	MYB.p2
PO	A	C	G	T
1	74.180423	12.629887	801.137154	17.317312
2	226.625843	4.303188	662.815681	11.520064
3	5.157101	888.990237999999	6.827303	4.290134
4	238.10967	286.557318	369.793771	10.804017
5	2.699665	0.909457	901.655653999999	0
6	0.879148	5.347547	0.83004	898.208040999999
7	1.824286	5.283831	4.510246	893.646412999999
8	65.019543	0	838.428910999999	1.816322
//
//
NA	MYFfamily.p2
P0	A	C	G	T
1	131.991245	253.003485	17.746157	1.968045
2	241.304755	0.978253	162.425924	0
3	59.223504	49.164136	295.333537	0.987755
4	0.983453	378.191905	20.614349	4.919225
5	394.839048	2.969118	5.91686	0.983906
6	95.524861	3.927856	304.268273	0.987942
7	0	384.945419	9.839516	9.923997
8	209.49128	4.886417	4.908181	185.423054
9	2.945646	1.962873	399.800413	0
10	3.949553	318.029119	82.73026	0
11	282.477214	3.938115	2.973421	115.320182
12	4.922869	2.950589	393.866179	2.969295
//
//
NA	MYOD1.p2
PO	A	C	G	T
1	38.025438	47.463212	86.965695	1.607532
2	81.720094	23.656945	67.79509	0.889748
3	72.307941	3.234316	86.411977	12.107643
4	0	173.119535	0	0.942342
5	169.790635	1.683205	0.956031	1.632006
6	0	0	169.851449	4.210428
7	3.363595	13.087815	157.610467	0
8	0.889748	0.932181	1.677189	170.562759
9	1.710936	3.329023	169.021918	0
10	7.628716	48.12131	84.205541	34.10631
11	3.728789	77.234315	3.362253	89.73652
12	31.696179	9.222572	113.520225	19.622901
//
//
NA	MZF1.p2
PO	A	C	G	T
1	74.346881	23.638278	531.934131	115.189099
2	104.040042	30.259929	567.387683999999	43.420734
3	141.755287	11.718362	563.878756	27.755984
4	69.91805	86.603206	462.436507	126.150626
5	2.235757	3.683027	657.349422	81.840183
6	680.677063	5.842726	58.5886	0
7	26.894046	0.909082	672.861502	44.443759
8	0.862777	1.374751	739.057741	3.81312
9	46.095866	3.718199	689.606587	5.687737
10	31.262764	0	696.658737	17.186888
11	178.855473	132.650259	419.013691	14.588966
12	561.209931	4.967734	130.390074	48.54065
13	461.840303	76.932362	195.744125	10.591599
//
//
NA NANOG{mouse}.p2
PO      A       C       G       T
01      20.00   15.00   55.00   10.00
02      21.00   12.00   61.00   6.00
03      24.00   1.00    74.00   1.00
04      34.00   36.00   29.00   1.00
05      8.08    62.63   0.00    29.29
06      1.00    98.00   1.00    0.00
07      98.00   1.00    0.00    1.00
08      3.00    0.00    3.00    94.00
09      0.00    1.00    0.00    99.00
10      16.00   2.00    33.00   49.00
11      20.00   62.00   10.00   8.00
12      0.00    100.00  0.00    0.00
//
//
NA NANOG.p2
PO      A       C       G       T       cons
01      0.000   7.865   0.000   42.135  T
02      50.000  0.000   0.000   0.000   A
03      50.000  0.000   0.000   0.000   A
04      0.000   0.000   12.941  37.059  T
05      0.000   0.000   12.357  37.643  T
06      13.435  0.000   36.565  0.000   G
07      0.000   30.628  19.372  0.000   C
//
//
NA	NFATC1..3.p2
P0	A	C	G	T
1	73.016397	93.5101009999999	20.999693	64.699776
2	146.51906	17.547087	55.544849	32.614971
3	52.666958	51.997261	108.529854	39.031894
4	109.240729	9.205907	5.558978	128.220353
5	2.713685	0	249.512282	0
6	1.7142	0	250.511767	0
7	251.308668	0	0.917299	0
8	249.568094	0	2.657873	0
9	249.673431	0.84565	1.706886	0
10	157.183663	50.194764	10.824947	34.022593
11	72.111846	44.741669	23.799103	111.573349
12	34.464015	71.735108	29.634182	116.392662
//
//
NA	NFE2L1.p2
PO	A	C	G	T
1	113.962554	227.411809	316.632650999999	48.177515
2	680.587961	0	25.596568	0
3	0	0	0	706.184529
4	0	0	705.508712	0.675817
5	706.184529	0	0	0
6	0	629.003408	0	77.181121
//
//
NA	NFE2L2.p2
PO	A	C	G	T
1	39.649343	79.475665	38.171679	25.734276
2	15.808856	23.011449	14.532622	129.678036
3	0.90971	22.307543	157.133642	2.680068
4	8.118539	165.805387	1.804318	7.302719
5	8.234918	3.667591	4.285337	166.843117
6	2.606568	0.856542	173.335	6.232853
7	164.984036	7.791417	3.731328	6.524182
8	2.785922	7.578708	162.326132	10.340201
9	0	3.703496	0	179.327467
10	0	182.178612	0.852351	0
11	182.106203	0	0.92476	0
12	1.674527	67.963375	37.83942	75.553641
13	22.922581	47.537814	83.772138	28.79843
//
//
NA	NFE2.p2
PO	A	C	G	T
1	49.495761	142.071351	29.356766	251.555111
2	57.098871	11.042233	377.339633	26.998252
3	10.154727	441.891346	14.901376	5.53154
4	0.983548	1.947621	0	469.54782
5	1.873094	2.748768	464.056816	3.800311
6	457.870809	4.613165	6.424744	3.570271
7	16.164168	158.583504	289.363262	8.368055
8	3.539454	2.704348	18.203149	448.032038
9	3.787277	458.65449	1.826118	8.211104
10	449.337488	21.285397	1.856104	0
11	17.235452	269.47672	21.053332	164.713485
//
//
NA	NFIL3.p2
PO	A	C	G	T
1	0	0	0	192.122436
2	0	0	8.559925	183.562511
3	186.388469	0.96079	1.94171	2.831467
4	0	31.745876	0.964501	159.412059
5	27.097676	0	164.069785	0.954975
6	2.793449	1.895825	1.901288	185.531874
7	192.122436	0	0	0
8	191.180546	0	0.94189	0
9	4.739507	89.91586	16.213083	81.253986
10	43.457033	58.144199	46.662915	43.858289
11	28.813968	29.793828	37.51218	96.00246
//
//
NA	NFIX.p2
PO	A	C	G	T
1	49.636582	188.331903	15.653514	65.913674
2	182.44103	5.232991	115.211513	16.650139
3	7.337097	152.958876	94.4080779999999	64.831622
4	30.046149	234.720516	9.86091	44.908098
5	44.443345	52.432663	33.42907	189.230595
6	10.977514	105.461445	155.778334	47.31838
7	9.831132	83.061223	29.277186	197.366132
8	8.936186	88.680118	81.012872	140.906497
9	17.504556	158.862486	62.177035	80.991596
10	78.182046	85.4894369999999	59.257764	96.606426
11	60.938647	79.430435	100.631992	78.5345989999999
12	47.020353	42.565187	66.578624	163.371509
13	8.992938	121.972905	12.342448	176.227382
14	12.196962	13.649225	47.03758	246.651906
15	11.148649	1.681438	261.7799	44.925686
16	7.063101	20.106863	287.945606	4.420103
17	39.772017	206.298665	22.331128	51.133863
18	157.571746	30.761384	77.413063	53.78948
19	39.591222	165.350128	69.789597	44.804726
20	14.667034	105.169377	116.310559	83.3887029999999
21	16.137777	134.425176	120.375801	48.596919
22	81.0205269999999	49.839038	66.225921	122.450187
23	12.225561	72.6054409999999	222.152379	12.552292
24	8.541623	266.343039	19.712826	24.938185
25	35.913149	251.939662	12.449359	19.233503
26	169.542509	36.967714	44.471721	68.553729
27	113.720548	12.885882	156.635014	36.294229
28	44.486897	161.960429	62.076499	51.011848
29	80.2461149999999	93.87162	28.368203	117.049735
//
//
NA	NFKB1_REL_RELA.p2
P0	A	C	G	T
1	0	5.852363	112.894545	2.955508
2	0	0	121.702416	0
3	0	0	121.702416	0
4	38.265827	0	83.436589	0
5	10.752035	75.563544	19.586453	15.800384
6	4.884512	0.991605	0	115.826299
7	0	0.986584	3.894169	116.821663
8	0.9898	38.1973	0	82.515316
9	0	118.759062	0	2.943354
10	0	121.702416	0	0
11	5.869891	101.12746	0	14.705065
//
//
NA	NFY{A,B,C}.p2
P0	A	C	G	T
1	42.998867	113.997297	70.9982	48.998415
2	19.999534	101.99721	74.997636	79.998399
3	15.999456	142.99589	48.998787	68.998646
4	127.99614	4.999897	143.996742	0
5	78.998322	0	197.994457	0
6	0	276.992779	0	0
7	0	276.992779	0	0
8	276.992779	0	0	0
9	276.992779	0	0	0
10	0	0	0	276.992779
11	8.999793	197.994604	66.998397	2.999985
12	157.995618	0.999968	117.997193	0
13	37.999534	21.999302	214.994016	1.999927
14	121.997044	127.996496	17.999459	8.99978
15	57.998612	0	183.994952	34.999215
16	48.999139	84.998112	96.997046	45.998482
//
//
NA	NHLH1,2.p2
PO	A	C	G	T
1	59.416752	322.053167	304.611028	112.638872
2	159.912019	518.054959	118.385809	2.367032
3	19.39672	77.502905	551.647648000001	150.172546
4	0.89733	780.717449000001	15.409854	1.695186
5	794.265789	2.2036	2.25043	0
6	20.213668	4.484537	774.021614000001	0
7	8.117062	695.754442	91.817878	3.030437
8	41.53222	77.5772939999999	5.353235	674.257070000001
9	0	5.967935	783.563857000001	9.188027
10	7.808537	580.880055	119.762131	90.269096
11	119.234771	4.811321	421.96565	252.708077
12	20.482221	346.782235	255.499925	175.955438
//
//
NA	NKX2-1,4.p2
PO	A	C	G	T
1	177.473869	5.651104	9.566352	55.543195
2	38.573768	128.370791	71.925838	9.364123
3	16.299227	13.074221	0.849593	218.011479
4	5.63895	207.997743	29.96537	4.632457
5	240.540758	4.95259	2.741172	0
6	222.709656	4.660066	20.293449	0.571349
7	15.107217	3.037971	228.823706	1.265626
8	31.201145	29.110379	1.438711	186.484285
9	73.423254	8.171155	124.1449	42.495211
10	4.268445	7.673471	68.009568	168.283036
//
//
NA	NKX2-2,8.p2
PO	A	C	G	T
1	50.205524	0.917721	0.887409	135.08469
2	0.98581	50.662145	11.092311	124.355078
3	179.718929	0.930629	5.513616	0.93217
4	187.095344	0	0	0
5	19.167047	0.900329	167.027968	0
6	7.569904	1.91438	1.79216	175.8189
7	76.898677	3.644429	106.552238	0
8	5.456574	69.521663	64.33702	47.780087
9	5.611117	8.318454	3.72791	169.437863
10	0.881217	1.785396	0	184.428731
//
//
NA	NKX2-3_NKX2-5.p2
PO	A	C	G	T
1	65.141182	0.534403	8.67923	159.647405
2	0	23.251305	0	210.750915
3	233.106657	0.428	0.467563	0
4	233.177969	0	0.824251	0
5	0	0	61.911088	172.091132
6	28.451184	6.94752	0	198.603516
7	25.121065	3.141275	183.373007	22.366873
//
//
NA	NKX3-1.p2
P0	A	C	G	T
1	116.435898	37.725434	37.563411	93.624007
2	145.645849	7.781983	6.484858	125.43606
3	169.630251	6.243395	17.7395	91.735604
4	24.806274	10.919018	0.729676	248.893782
5	266.254944	1.506495	7.575862	10.011449
6	281.56035	0.910397	1.38455	1.493453
7	20.768344	0.752575	248.851998	14.975833
8	2.997625	4.111507	0	278.239618
9	247.194933	2.347959	35.805858	0
10	33.442242	53.883022	4.943265	193.080221
11	166.999221	0.806899	32.612778	84.929852
12	51.030239	30.272764	10.706358	193.339389
//
//
NA	NKX3-2.p2
PO	A	C	G	T
1	35.193661	136.174095	176.580026	187.674101
2	4.69692	76.3082	90.3371360000001	364.279627
3	320.704819	4.556068	199.567406	10.79359
4	533.570402	0	2.051481	0
5	1.31462	2.026209	530.859679	1.421375
6	0	2.217133	0	533.40475
7	76.077633	0	459.147951	0.396299
8	100.499504	77.024242	345.138293	12.959844
9	208.872523	168.446942	123.997491	34.304927
//
//
NA	NKX6-1,2.p2
P0	A	C	G	T
1	22.30931	21.438092	7.673808	70.172457
2	24.325415	5.826091	0	91.442161
3	0.99705	11.744536	0.968043	107.884038
4	0	0	9.700364	111.893303
5	0.955093	0.991855	0	119.646719
6	118.721655	0	1.914486	0.957526
7	117.73104	0	0.993391	2.869236
8	0.950568	0.998636	0.978917	118.665546
9	2.945647	1.959559	17.463171	99.22529
10	9.694439	0	99.253511	12.645717
11	30.119807	18.632427	65.075649	7.765784
12	20.336801	21.330884	0.972578	78.953404
13	15.541067	4.841014	5.888014	95.323572
//
//
NA	NR1H4.p2
P0	A	C	G	T
1	14.000222	150.941847	16.620094	20.917808
2	101.04898	0	74.21552	27.215471
3	83.387622	0	119.092349	0
4	21.253478	0.829905	180.396588	0
5	7.917299	0	188.629575	5.933097
6	0	5.533724	0.983029	195.963218
7	0.845195	109.482834	19.354984	72.796958
8	194.751091	0.935767	0.866683	5.92643
9	76.315318	29.373059	76.612199	20.179395
10	38.679452	14.078278	52.873397	96.848844
11	83.317819	13.850845	105.311307	0
12	111.141139	5.148003	57.515743	28.675086
13	54.566703	122.7545	14.788456	10.370312
14	14.390538	142.870092	3.404681	41.81466
//
//
NA	NR3C1.p2
PO	A	C	G	T
1	39.357004	1.61659	45.194592	1.75503
2	33.514061	0	53.524195	0.88496
3	24.278554	0	63.644662	0
4	73.142923	0	12.974489	1.805804
5	70.089963	4.293502	5.355702	8.184049
6	13.936938	53.149796	17.28765	3.548832
7	78.150504	0.963156	3.502622	5.306934
8	18.551062	0.946277	29.195542	39.230335
9	22.206049	18.917797	3.309407	43.489963
10	50.883796	24.620551	3.68172	8.737149
11	11.12298	17.881469	0.799525	58.119242
12	2.704534	1.633022	67.408606	16.177054
13	1.763932	3.350696	3.67462	79.133968
14	11.046171	40.380905	4.382856	32.113284
15	2.724653	80.807541	2.694486	1.696536
16	14.705423	29.833422	2.640093	40.744278
17	44.976945	2.445633	33.64374	6.856898
18	22.702261	12.689924	29.561674	22.969357
//
//
NA	NR4A2.p2
PO	A C G T
1	8	1	3	1
2	13	0	1	0
3	0	0	13	1
4	3	0	11	0
5	2	2	0	10
6	0	13	0	1
7	14	0	0	0
8	3	8	2	0
//
//
NA	NR5A1,2.p2
PO	A	C	G	T
1	5.377189	33.227323	52.837182	1528.598142
2	146.695046	25.166417	1316.287331	131.891042
3	1365.609339	7.83022	235.825042	10.775235
4	5.11189	1595.598869	5.521864	13.807213
5	2.092594	1569.689833	6.757359	41.50005
6	4.77904	43.365615	0.811327	1571.083854
7	1.974824	20.456755	12.306894	1585.301363
8	23.170079	13.103351	1575.937424	7.828982
//
//
NA	NR6A1.p2
PO	A	C	G	T
1	19.6071	39.386506	19.791851	19.603374
2	7.837218	21.60701	22.749585	46.195018
3	22.651613	58.134986	12.708455	4.893777
4	75.786223	2.936801	19.665807	0
5	84.735422	0.976141	12.677268	0
6	2.932108	0	95.456723	0
7	0	4.922277	42.27045	51.196104
8	0	0	0.950374	97.438457
9	0	97.427123	0.961708	0
10	93.515551	2.919001	1.954279	0
11	76.631157	8.993342	12.764332	0
12	4.858393	0.965966	87.648542	4.91593
13	2.984243	0.996311	59.140533	35.267744
14	2.997518	3.911586	9.704598	81.775129
15	0	83.53897	1.950353	12.899508
16	86.656355	3.891119	1.945725	5.895632
17	17.735419	41.481969	19.549069	19.622374
18	22.73855	34.321492	26.573643	14.755146
//
//
NA	NRF1.p2
PO	A	C	G	T
1	5.947021	487.50608	0	3.981836
2	9.988891	0	487.446046	0
3	0	497.434937	0	0
4	236.776476	50.72393	186.074758	23.859773
5	0	0	5.966659	491.468278
6	0	0	497.434937	0
7	0.99136	496.443577	0	0
8	0	0	497.434937	0
9	0	466.546698	0	30.888239
10	258.608016	9.941668	218.923215	9.962038
//
//
NA	ONECUT1,2.p2
PO	A	C	G	T
1	53.517443	23.300002	0.987625	19.520762
2	59.223462	8.778205	12.703967	16.620198
3	80.936852	0	2.855357	13.533623
4	95.383216	0	1.942616	0
5	84.655085	0	12.670747	0
6	0	1.909112	0	95.41672
7	2.932665	92.469367	0.94748	0.97632
8	92.518135	3.856283	0	0.951414
9	95.365402	0	1.96043	0
10	0	2.899738	0	94.426094
11	60.251375	10.640669	13.781724	12.652064
12	59.267201	4.877893	6.805245	26.375493
//
//
NA	PATZ1.p2
PO	A	C	G	T
1	169.19212	83.832569	635.074682999999	84.495091
2	65.018711	96.594981	809.074941	1.90583
3	89.237959	18.499791	860.018853	4.83786
4	13.491466	0	948.421207000001	10.68179
5	109.477129	6.754915	855.364361	0.998058
6	539.837182000001	112.366933	185.957571	134.432777
7	5.8569	4.797387	957.064889000001	4.875287
8	10.583715	2.955418	956.113903000001	2.941427
9	2.911862	1.929433	966.796614000001	0.956554
10	0	5.863431	964.770662000001	1.96037
11	243.213923	644.568477999999	1.94336	82.868702
12	103.430339	545.519255	218.752927	104.891942
13	290.163072	247.96614	330.13811	104.327141
//
//
NA	PAX2.p2
PO	A	C	G	T
1	78.9957649999999	90.098119	42.95111	54.859752
2	31.917531	0	234.987215	0
3	0.707863	3.579918	0	262.616965
4	0	264.257808	0	2.646938
5	260.303094	0.919634	5.682018	0
6	0	178.211787	0.435718	88.257241
7	10.617767	0	196.357732	59.929247
8	0	98.819572	72.282468	95.802706
//
//
NA	PAX3,7.p2
P0	A	C	G	T
1	41.39628	10.154821	10.324122	13.339577
2	34.831216	21.993646	11.527687	6.862251
3	35.466053	13.138388	22.171991	4.438368
4	26.036505	13.683488	18.671722	16.823085
5	13.100003	7.605267	21.519237	32.990293
6	13.913354	21.402081	5.207544	34.691821
7	7.381617	47.028613	7.635601	13.168969
8	2.415516	3.255557	63.181659	6.362068
9	1.276434	1.177309	0	72.761057
10	0	73.837133	0.897772	0.479895
11	70.093204	3.486133	0	1.635463
12	0	66.184317	0	9.030483
13	13.769128	0	48.641902	12.80377
14	0	45.257842	19.675522	10.281436
15	13.821262	8.79616	0.57664	52.020738
16	0	15.388765	0	59.826035
17	12.816879	26.62754	17.282773	18.487608
18	20.632253	18.340401	8.521526	27.72062
19	18.296334	12.39763	35.244306	9.27653
20	16.390865	22.40042	23.177569	13.245946
21	43.616992	7.228578	5.776394	18.592836
//
//
NA	PAX4.p2
PO	A	C	G	T
1	40.438206	1.594296	43.410082	0.754136
2	84.462156	0.828193	0.906371	0
3	75.871358	3.51485	5.984335	0.826177
4	60.156115	0.762733	0	25.277872
5	61.017552	5.18625	10.50133	9.491588
6	57.92109	4.225293	3.633134	20.417203
7	33.720937	0.767278	2.315912	49.392593
8	39.268029	2.749068	5.224643	38.95498
9	30.985332	7.745107	32.166851	15.29943
10	30.114716	38.863358	1.614343	15.604303
11	34.427356	45.821548	5.161517	0.786299
12	40.210729	25.223373	18.262736	2.499882
13	39.503198	32.336351	4.301353	10.055818
14	22.636142	26.422519	3.535897	33.602162
15	40.337277	19.726603	22.478538	3.654302
16	23.598969	42.250069	4.992697	15.354985
17	10.040269	34.983281	12.873315	28.299855
18	32.516275	44.183048	1.774589	7.722808
19	9.406338	52.465191	2.330507	21.994684
20	45.210485	26.752957	2.438941	11.794337
21	10.828816	39.78107	12.684082	22.902752
22	19.266981	38.020721	0	28.909018
23	13.102502	58.707902	0	14.386316
24	21.248337	50.904361	1.658431	12.385591
25	11.990381	52.511158	0.845453	20.849728
26	32.423193	44.447358	3.452652	5.873517
27	3.367061	63.907378	2.548334	16.373947
28	0.917065	50.710993	10.440635	24.128027
29	6.949316	67.321261	3.22211	8.704033
30	6.008647	72.407753	2.772688	5.007632
//
//
NA	PAX5.p2
PO	A	C	G	T
1	51.564468	13.26941	83.587598	20.713344
2	29.769706	1.549557	137.006756	0.808801
3	47.331201	53.0085	60.032086	8.763033
4	6.262884	20.412521	103.823936	38.635479
5	9.413407	119.391552	20.750723	19.579138
6	80.748263	37.917131	27.549326	22.9201
7	22.669395	77.5497	46.95271	21.963015
8	0.851768	38.78142	47.634237	81.867395
9	6.597761	13.846531	143.939141	4.751387
10	68.84423	28.049027	63.507019	8.734544
11	62.480218	3.161928	86.477998	17.014676
12	2.524252	0.796676	165.813892	0
13	31.641515	119.872266	8.739038	8.882001
14	22.804279	0.865004	142.200698	3.264839
15	10.116801	3.295676	99.181444	56.540899
16	67.115827	7.582506	93.683599	0.752888
17	50.592982	5.386698	109.96488	3.19026
18	26.392076	137.395981	0	5.346763
19	29.592252	74.422791	64.150964	0.968813
20	43.880475	0.851768	116.951804	7.450773
//
//
NA	PAX6.p2
PO	A	C	G	T
1	2.654192	6.930284	0.776444	77.616024
2	0.993607	9.944471	0	77.038866
3	1.813528	58.832681	1.741191	25.589544
4	80.889772	5.313281	0.814099	0.959792
5	7.52337	50.76704	3.581871	26.104663
6	6.182982	0	76.433509	5.360453
7	0.933596	68.899241	16.398784	1.745323
8	26.846212	6.20959	0.827447	54.093695
9	3.279246	5.070086	4.962172	74.66544
10	5.327092	24.28379	54.198329	4.167733
11	66.927332	0.956	19.198361	0.895251
12	14.798762	20.586155	16.838505	35.753522
13	0	10.890567	1.634667	75.45171
14	2.482699	0.860576	26.254447	58.379222
//
//
NA	PAX8.p2
P0	A	C	G	T
1	26.356958	1.843132	5.774665	19.352389
2	4.343436	27.139605	14.620182	7.223921
3	39.164879	4.986899	0.783074	8.392292
4	3.709227	17.715424	19.696678	12.205815
5	5.100757	13.464341	0.342207	34.419839
6	10.314864	21.39085	7.767938	13.853492
7	28.997275	7.044427	5.580705	11.704737
8	8.634523	5.082359	1.236371	38.373891
9	1.345151	4.546671	43.719455	3.715867
10	13.595815	30.123458	6.979171	2.6287
11	25.660878	0.980055	25.637755	1.048456
12	0.553636	1.574121	1.249371	49.950016
13	0.925279	0	50.012949	2.388916
14	31.431639	2.898633	18.545691	0.451181
15	20.290425	4.284044	24.373452	4.379223
16	13.481204	10.911444	8.091109	20.843387
17	11.18345	12.534003	6.086029	23.523662
18	19.40033	14.342068	13.879891	5.704855
//
//
NA	PBX1.p2
PO	A	C	G	T
1	59.114407	52.528815	16.475547	50.920405
2	40.47952	83.411328	18.185764	36.962562
3	128.774894	6.777972	39.151587	4.334721
4	1.750488	20.367535	0.956097	155.965054
5	5.451274	167.318378	0.904302	5.36522
6	164.386985	14.652189	0	0
7	166.73089	5.137508	4.515274	2.655502
8	0.943936	4.469942	1.830411	171.794885
9	0	167.729661	5.964083	5.34543
10	175.522041	1.775385	0	1.741748
11	124.255701	5.159316	11.662743	37.961414
12	88.116937	20.136837	16.335121	54.450279
//
//
NA	PDX1.p2
PO	A	C	G	T
1	21.82133	20.653609	10.641028	85.411229
2	11.821107	55.326465	53.113772	18.265852
3	29.175129	25.596028	37.316313	46.439726
4	20.576991	26.638062	86.932713	4.37943
5	2.951055	40.805742	0	94.770399
6	19.733936	108.534859	0	10.258401
7	137.307755	0	0.655255	0.564186
8	0	0.751791	0	137.775405
9	0	10.557784	1.18895	126.780462
10	131.005297	0	1.775176	5.746723
11	42.144648	19.377134	54.228298	22.777116
12	53.090751	34.830107	4.041829	46.564509
13	25.093748	49.759539	42.194691	21.479218
14	16.353533	50.290229	6.649858	65.233576
15	18.128297	55.167529	33.436747	31.794623
//
//
NA	PITX1..3.p2
PO	A	C	G	T
1	11.023056	3.306158	0.833466	70.843797
2	5.126488	6.994371	56.933463	16.952155
3	1.575346	0	0	84.431131
4	77.786275	6.577658	0.83564	0.806904
5	75.656821	0	10.349656	0
6	0	0.908504	0	85.097973
7	0	85.217965	0	0.788512
8	2.548872	82.654094	0	0.803511
9	8.519188	76.552727	0.934562	0
10	82.778273	0	0.785576	2.442628
11	22.505869	3.328835	60.171773	0
//
//
NA	POU1F1.p2
PO	A	C	G	T
1	150.777426	44.611516	32.472352	130.560797
2	187.054076	97.571089	2.239735	71.557191
3	7.133202	2.617048	0	348.671841
4	1.213245	19.709869	29.801076	307.697901
5	5.21749	344.674792	0	8.529809
6	276.185996	13.988609	2.991762	64.449095
7	34.55509	8.675708	6.585533	307.799131
8	233.719791	13.739452	59.091893	51.064326
9	186.751895	61.34396	3.437396	106.082211
10	148.372995	1.29093	9.184175	198.767362
11	2.435858	61.026678	27.551359	266.601567
12	266.658566	22.301906	63.723678	4.931312
13	59.842112	31.483195	8.371251	257.918904
14	200.493977	35.790009	13.080357	108.251119
15	89.746905	113.31144	22.930034	131.627083
16	164.661626	97.103343	12.78659	83.063903
17	70.065297	144.853788	19.843026	122.853351
18	229.463483	52.751705	6.064243	69.336031
//
//
NA	POU2F1..3.p2
P0	A	C	G	T
1	0.998941	75.882897	1.99828	37.95309
2	5.991814	4.989572	0	105.851822
3	13.975236	58.930963	8.983602	34.943407
4	111.840534	1.994238	0	2.998436
5	0	0	0	116.833208
6	0	4.990072	0	111.843136
7	0.998436	0	0	115.834772
8	1.999318	0	112.835268	1.998622
9	1.996392	114.836816	0	0
10	114.833421	0	1.999787	0
11	0.997063	0	0	115.836145
12	70.87823	2.996013	40.959837	1.999128
13	20.973299	38.950991	13.972349	42.936569
//
//
NA	POU3F1..4.p2
PO	A	C	G	T
1	33.046269	13.763313	71.531797	25.665831
2	59.081902	8.546048	59.876456	16.502804
3	3.798159	12.122525	71.1798040000001	56.906722
4	30.897754	12.652596	99.073151	1.383709
5	134.576526	1.336692	2.895185	5.198807
6	101.527105	1.088274	4.580056	36.811775
7	0.363531	1.467583	1.108087	141.068009
8	31.891998	2.391915	6.552784	103.170513
9	108.197849	15.000047	2.31903	18.490284
10	77.615726	30.604111	34.974266	0.813107
11	117.002649	5.821984	18.607765	2.574812
12	68.741944	25.575918	47.073832	2.615516
13	2.389918	27.642695	10.334816	103.639781
14	40.534458	1.85232	53.107732	48.5127
15	26.757537	37.397105	54.813895	25.038673
//
//
NA	POU5F1.p2
PO      A       C       G       T       cons
01      49.638  0.324   0.019   0.019   A
02      0.181   0.019   0.019   49.781  T
03      0.009   0.009   49.972  0.009   G
04      0.009   49.972  0.009   0.009   C
05      48.020  0.021   0.021   1.939   A
06      49.944  0.019   0.019   0.019   A
07      48.894  0.020   0.342   0.744   A
//
//
NA	POU5F1_SOX2{dimer}.p2
PO      A       C       G       T
01      18      44      2       44
02      58      1       3       46
03      0       2       4       102
04      12      0       3       93
05      12      30      58      8
06      33      2       3       70
07      32      30      10      36
08      96      0       4       8
09      3       1       0       104
10      1       0       96      11
11      4       69      9       26
12      86      2       0       20
13      77      3       21      7
14      98      4       6       0
15      17      16      10      65
//
//
NA	POU6F1.p2
PO	A	C	G	T
1	42.557138	1.724301	138.766552	0.892626
2	24.987809	140.968461	2.58498	15.399367
3	160.797641	0.914276	7.614839	14.613861
4	18.009781	2.680297	3.733417	159.517122
5	152.060941	8.213805	5.302818	18.363053
6	169.240198	3.726728	7.36561	3.608081
7	60.855464	2.810537	0.939475	119.335141
8	7.981627	0	0	175.95899
9	18.153798	17.484917	5.424454	142.877448
10	182.153249	0.854631	0	0.932737
11	1.827409	5.598665	7.345752	169.168791
//
//
NA	PPARG.p2
PO	A	C	G	T
1	12.329049	65.264852	61.403114	12.621223
2	37.499221	13.245553	6.752266	94.1211980000001
3	74.348869	0	75.506939	1.76243
4	1.956079	6.460643	141.572377	1.629139
5	6.719642	5.083165	136.630354	3.185077
6	2.136019	16.976807	22.863889	109.641523
7	3.879884	127.62685	18.470582	1.640922
8	127.857013	9.340177	0.615612	13.805436
9	18.345864	87.2722550000001	34.703133	11.296986
10	44.329041	26.048389	50.849771	30.391037
11	21.145907	9.73743	105.56923	15.165671
12	13.940761	0	20.673735	117.003742
13	12.757462	38.038009	87.7746860000001	13.048081
14	104.739784	37.63047	1.830005	7.417979
15	9.383142	138.277368	3.957728	0
16	0	126.916684	1.303178	23.398376
17	18.779525	81.6350880000001	5.312164	45.891461
18	67.41668	59.795453	6.596178	17.809927
19	19.866813	64.194912	50.043799	17.512714
20	46.012153	1.890087	20.237049	83.478949
//
//
NA	PRDM1.p3
PO	A	C	G	T
1	8548.30600952276	198.30311792714	115.30311792714	279.30311792714
2	8548.30600952276	31	50	56.6062358542797
3	8548.30600952276	16	29	8
4	45	19	8548.30600952276	37
5	95.3031179271399	614.818707562839	423.90935378142	8548.30600952276
6	102	6	8548.30600952276	13
7	8548.30600952276	14	8	6
8	8548.30600952276	11	201	5
9	8548.30600952276	17	14	3
10	9	13	8548.30600952276	37
11	92	286.30311792714	186.60623585428	8548.30600952276
12	2111.60623585428	742.60623585428	8548.30600952276	1907.12182548998
//
//
NA	PRRX1,2.p2
PO	A	C	G	T
1	1647.015737	0	4.704281	0
2	1651.720018	0	0	0
3	0	0	0	1651.720018
4	0	0	0	1651.720018
5	1651.720018	0	0	0
//
//
NA	RBPJ.p2
PO	A	C	G	T
1	25.942648	141.713053	122.720455	118.846099
2	4.757334	155.54163	15.945021	232.97827
3	10.620545	21.879921	366.477232	10.244557
4	2.409167	11.793876	4.235263	390.783949
5	3.873885	3.876474	398.586709	2.885187
6	77.678958	1.738374	324.66082	5.144103
7	5.651953	0.709706	402.860596	0
8	390.403916	1.628501	15.393191	1.796647
9	382.831653	5.304512	18.038158	3.047932
10	213.914	171.171388	21.046965	3.089902
11	40.421829	235.576322	53.227996	79.996108
12	47.669101	109.876158	164.295049	87.381947
13	125.793675	73.391504	132.738862	77.298214
14	154.778091	54.931996	158.917598	40.59457
15	135.647993	98.024639	149.491334	26.058289
16	79.03516	73.375666	84.822478	171.988951
//
//
NA REST.p3
P0	A	C	G	T	cons
01	35.809	32.913	90.090	223.993	
02	8.474	42.468	24.294	307.570	
03	10.071	358.368	3.102	11.266	
04	376.282	1.003	5.521	0.500	
05	8.358	1.002	373.446	0.500	
06	22.661	263.979	61.623	34.543	
07	380.799	0.500	1.004	1.003	
08	0.500	382.805	0.501	0.500	
09	5.539	358.930	1.293	17.043	
10	221.759	37.682	55.111	68.254	
11	50.811	120.250	29.569	182.176	
12	6.014	0.995	375.796	0.500	
13	5.014	0.500	376.798	0.994	
14	347.872	23.927	1.990	9.015	
15	3.421	305.604	58.752	15.029	
16	380.823	1.003	0.503	0.977	
17	5.999	1.981	371.822	3.003	
18	39.927	258.682	40.065	44.132	
19	79.159	6.953	179.818	116.876	
20	50.055	225.383	80.331	27.036	
21	32.443	300.076	3.008	47.279	
//
//
NA	RFX1..5_RFXANK_RFXAP.p2
P0	A	C	G	T
1	16.702876	113.980829	69.440383	64.796271
2	57.221573	70.343766	99.035725	38.319295
3	33.559802	0.964677	230.39588	0
4	5.909997	18.534079	20.688174	219.788109
5	40.233566	138.299229	3.991899	82.395665
6	78.781332	7.898323	159.635927	18.604777
7	0	246.151065	0	18.769294
8	2.941368	219.655377	5.812932	36.510682
9	203.168924	26.506288	14.741298	20.503849
10	15.566443	30.368241	3.922422	215.063253
11	49.134137	0	215.786222	0
12	1.929997	0	262.990362	0
13	38.177179	184.502717	11.642711	30.597752
14	255.07742	1.929997	6.918904	0.994038
15	261.010494	0	3.909865	0
16	0	263.925107	0	0.995252
17	78.29687	90.163157	78.709988	17.750344
18	87.498768	30.410158	131.299536	15.711897
//
//
NA	RORA.p2
P0	A	C	G	T
1	40.150788	32.816839	43.655524	22.33736
2	61.813917	9.671496	50.087709	17.387389
3	94.722341	0.951764	11.469221	31.817185
4	126.418859	0	0.979052	11.5626
5	71.290573	0	3.991767	63.678171
6	14.457487	47.228917	44.30052	32.973587
7	10.554429	8.642202	7.688904	112.074976
8	93.408258	0	45.552253	0
9	0	0	138.960511	0
10	0	0	137.977907	0.982604
11	0	0	0.97533	137.985181
12	0	138.960511	0	0
13	134.159396	0	3.851022	0.950093
14	40.36923	24.200264	61.794143	12.596874
//
//
NA	RREB1.p2
P0	A	C	G	T
1	31.289792	225.66971	9.910344	10.746371
2	8.774075	260.087714	0.967478	7.78695
3	22.60165	247.211811	2.938054	4.864702
4	2.937916	252.305408	11.698205	10.674688
5	133.572578	138.152575	0.975621	4.915443
6	182.542949	85.266814	2.936991	6.869463
7	118.912106	152.846543	3.915805	1.941763
8	71.129964	190.927166	1.928579	13.630508
9	0.957928	272.766358	0.973771	2.91816
10	247.48044	6.758236	9.728949	13.648592
11	32.130469	234.68241	7.865718	2.93762
12	31.992572	241.719698	0	3.903947
13	26.32765	239.596153	0	11.692414
14	72.98442	190.957257	7.82806	5.84648
15	18.437261	252.376801	3.853395	2.94876
16	108.303846	101.04052	7.804664	60.467187
17	42.821348	182.893527	25.382002	26.51934
18	80.859677	181.202079	5.810111	9.74435
19	7.699796	221.944316	46.997056	0.975049
20	56.522138	157.763428	51.683117	11.647534
//
//
NA	RUNX1..3.p2
PO	A	C	G	T
1	107.350231	103.888587	5.172534	232.09807
2	7.996756	126.470056	0.811482	313.231128
3	0.930218	11.316468	1.743363	434.519373
4	4.980607	0	440.843783	2.685032
5	2.812326	90.459767	0	355.237329
6	0	0	448.509422	0
7	0	0	448.509422	0
8	0.950153	21.992161	3.402657	422.164451
9	11.43901	174.470322	0.837004	261.763086
//
//
NA	RXR{A,B,G}.p2
PO	A	C	G	T
1	5.912305	0	192.252848	0
2	4.95788	0	193.207273	0
3	1.96795	0.983807	195.213396	0
4	0	0	198.165153	0
5	0.996309	0.990535	0	196.178309
6	0	194.207971	1.977649	1.979533
7	183.297737	0	12.885886	1.98153
8	22.671542	150.735491	10.893788	13.864332
9	21.746883	28.741778	138.764219	8.912273
10	35.733506	38.702804	114.824883	8.90396
//
//
NA	RXRA_VDR{dimer}.p2
PO	A	C	G	T
1	24.832028	1.917258	68.678198	0.956812
2	2.928825	0	91.505237	1.950234
3	0.937477	3.795166	88.774324	2.877329
4	0.980334	0.93063	5.701175	88.772157
5	0.929355	91.626491	0	3.82845
6	78.155421	2.85302	10.480106	4.895749
7	17.086571	49.342896	2.958456	26.996373
8	21.02845	22.015464	32.091539	21.248843
9	12.559783	5.566321	74.328059	3.930133
10	52.179296	0.954716	43.250284	0
11	1.916475	1.881884	92.585937	0
12	0.986032	4.754196	24.95519	65.688878
13	8.446048	3.776238	5.895548	78.266462
14	8.87012	80.88622	1.892265	4.735691
15	75.535439	10.274354	8.601471	1.973032
//
//
NA	RXRG_dimer.p3
PO	A	C	G	T
1	0	0	522.134491680126	4.13624414979529
2	2	1	522.134491680126	66.4995618825827
3	1	7	7.09082943319686	522.134491680126
4	0.04541471659843	522.134491680126	18.0908294331969	62.5903913157796
5	522.134491680126	0	0.18165886639372	0
6	522.134491680126	3	9.04541471659843	13.2270735829922
7	522.134491680126	1	15.1362441497953	0
8	2	1.04541471659843	522.134491680126	4.09082943319686
9	2	2	522.134491680126	53.4995618825827
10	3	3.09082943319686	9.09082943319686	522.134491680126
11	6	522.134491680126	4.31790301618901	22.2270735829922
12	522.134491680126	1	36.1362441497953	3
//
//
NA	SMAD1..7,9.p2
PO	A	C	G	T
1	73.857729	129.752712	451.228751	13.712078
2	78.4125969999999	129.642442	260.264354	200.231877
3	72.91518	221.916346	158.979594	214.74015
4	256.656056	20.433084	331.12604	60.33609
5	31.665585	71.371003	432.221955	133.292727
6	54.581558	211.579871	284.83184	117.558001
7	2.481627	574.730496	30.053103	61.286044
8	621.225361	13.790619	32.227018	1.308272
9	3.472686	0.53611	664.542473999999	0
10	402.330249	158.865146	102.832909	4.522966
11	0.539316	657.435322999999	2.696006	7.880625
12	481.201208	32.576572	26.849695	127.923795
13	42.019937	221.435911	320.606047	84.489375
14	108.630966	477.413706	24.901964	57.604634
15	13.437424	325.455968	13.68667	315.971208
//
//
NA	SNAI1..3.p2
PO	A	C	G	T
1	0	99.228536	0	0
2	99.228536	0	0	0
3	0	0	99.228536	0
4	0	0	99.228536	0
5	0	0	0	99.228536
6	0	0	99.228536	0
//
//
NA	SOX17.p2
PO	A	C	G	T
1	65.241395	326.229771	137.767492	286.294416
2	64.50426	316.111879	86.929698	347.987237
3	7.554396	628.634376	2.300795	177.043507
4	802.787622999999	0.877732	5.822002	6.045717
5	0	9.808515	0	805.724558999999
6	0	0.703199	0	814.829874999999
7	1.474224	0.840844	813.218005999999	0
8	0	0	38.990954	776.542119999999
9	2.196372	545.858872000001	158.179526	109.298304
//
//
NA SOX2.p2
PO      A       C       G       T       cons
01      48.393  1.588   0.010   0.010   A
02      49.972  0.009   0.009   0.009   A
03      0.005   49.986  0.005   0.005   C
04      49.972  0.009   0.009   0.009   A
05      49.972  0.009   0.009   0.009   A
06      16.309  0.012   0.012   33.666  T
07      7.388   0.007   42.598  0.007   G
//
//
NA	SOX5.p2
PO	A	C	G	T
1	670.876482999999	270.139036	334.377107	295.430212
2	1533.64341	4.842939	29.500993	2.835496
3	1548.372072	0	22.450766	0
4	0	1538.601005	0	32.221833
5	1565.780585	2.161143	2.88111	0
6	1563.716702	4.135991	2.970145	0
7	0.795134	8.993964	0	1561.03374
//
//
NA	SOX{8,9,10}.p2
PO	A	C	G	T
1	126.809105	18.639804	301.382611	18.071923
2	391.108331	12.568045	50.031182	11.195885
3	446.73585	10.645292	0	7.522301
4	0	464.038776	0	0.864667
5	463.072988	0.892785	0	0.93767
6	464.903443	0	0	0
7	16.540227	0	0	448.363216
8	138.961053	0.945969	321.339341	3.65708
9	35.970243	13.89715	414.145895	0.890155
//
//
NA SP1.p2
P0      A      C      G      T
01	51	66	125	28
02	57	55	141	17
03	33	14	186	37
04	36	0	234	0
05	0	0	270	0
06	0	0	270	0
07	47	199	0	24
08	13	0	257	0
09	0	0	258	12
10	41	0	218	11
11	20	24	216	10
12	29	174	36	31
13	26	116	77	51
14	48	31	124	66
//
//
NA SPI1.p2
PO	A	C	G	T	cons	inf
01	36.07	1.73	20.81	11.55	a	0.426
02	18.24	1.01	48.18	0.00	g	1.052
03	36.44	4.75	25.22	0.50	a	0.668
04	3.01	0.00	60.59	0.00	G	1.725
05	0.92	0.00	61.68	0.00	G	1.889
06	60.38	0.61	1.65	0.00	A	1.746
07	59.44	0.00	3.92	0.06	A	1.655
08	4.57	6.76	52.07	0.08	G	1.136
09	1.58	9.23	1.58	53.84	T	1.104
10	3.43	1.84	56.28	2.51	G	1.28
11	17.49	12.37	31.38	5.41	R	0.237
//
//
NA	SPIB.p2
PO	A	C	G	T
1	754.619473000001	0	0	119.62822
2	29.88108	201.181435	642.354152000001	0.831026
3	587.971905	212.905441	71.717561	1.652786
4	2.515145	0	871.732548000001	0
5	0.809761	0	873.437932000001	0
6	873.332368000001	0	0.915325	0
7	871.721850000001	0	1.690169	0.835674
//
//
NA	SPZ1.p2
PO	A	C	G	T
1	188.225515	12.151657	118.547859	2.806698
2	3.781429	29.145229	283.080283	5.724788
3	37.286308	0.52327	283.268787	0.653364
4	6.34535	0	309.026723	6.359656
5	29.71908	33.224882	47.097617	211.69015
6	202.346517	17.190812	16.999505	85.194895
7	169.31449	6.106235	105.611139	40.699865
8	18.642629	234.401995	62.366026	6.321079
9	242.290806	0.482023	74.221575	4.737325
10	8.944399	8.476722	297.315297	6.995311
11	40.341355	232.415704	40.825035	8.149635
//
//
NA	SREBF1,2.p2
P0	A	C	G	T
1	48.140006	98.945491	128.34523	18.429594
2	127.967487	4.829603	161.063231	0
3	0.96278	21.570825	0	271.326716
4	0	292.894983	0.965338	0
5	293.860321	0	0	0
6	0	261.909979	0.973649	30.976693
7	6.805904	20.159177	264.94522	1.95002
8	0	1.967274	0	291.893047
9	2.89767	0	290.962651	0
10	163.986781	72.740755	47.418692	9.714093
11	8.708717	211.316736	33.062523	40.772345
//
//
NA SRF.p3
P0	A	C	G	T	cons
01	18.669	15.250	66.468	31.131	
02	14.054	56.856	41.834	18.775	
03	1.415	129.180	0.923	0.000	
04	0.000	119.038	0.000	12.480	
05	105.573	3.184	0.000	22.761	
06	72.794	0.000	0.000	58.725	
07	126.928	0.000	0.702	3.888	
08	22.460	7.378	0.000	101.681	
09	126.808	0.991	0.000	3.720	
10	81.158	5.656	5.889	38.816	
11	4.135	0.000	127.383	0.000	
12	0.000	0.000	129.851	1.667	
//
//
NA	SRY.p2
PO	A	C	G	T
1	182.216074	127.954405	420.707127	264.754255
2	345.045685	97.216023	159.381297	393.988856
3	701.016012000001	3.095634	98.150017	193.370198
4	855.430095000001	37.489533	71.470998	31.241235
5	973.222010000001	0.40731	4.57032	17.432221
6	2.298542	939.419791	0.76059	53.152938
7	991.710585	1.751135	1.332044	0.838097
8	973.809264000001	0.719815	21.102782	0
9	329.307266	3.498203	22.863078	639.963314
//
//
NA STAT1,3.p3
P0	A	C	G	T	cons
01	46.283	7.622	65.266	68.505	
02	34.405	10.124	136.863	6.283	
03	81.692	8.296	86.311	11.377	
04	19.531	53.765	109.569	4.810	
05	101.587	14.980	12.459	58.649	
06	47.416	22.327	16.565	101.368	
07	0.000	0.000	0.000	187.676	
08	0.000	0.000	0.000	187.676	
09	9.584	174.554	0.000	3.538	
10	3.488	139.724	0.000	44.464	
11	50.334	32.535	45.765	59.043	
12	29.247	0.000	158.429	0.000	
13	3.032	0.000	181.853	2.791	
14	183.492	0.000	4.184	0.000	
15	185.729	0.000	1.946	0.000	
16	98.652	53.189	19.726	16.108	
17	23.882	9.360	64.084	90.350	
18	20.739	13.708	151.494	1.734	
19	91.381	4.196	81.201	10.898	
20	31.061	12.479	135.031	9.105	
21	33.676	30.961	68.209	54.830	
//
//
NA	STAT2,4,6.p2
P0	A	C	G	T
1	0	0.894609	5.386243	389.206234
2	0	3.668476	0	391.81861
3	3.720001	390.034422	0	1.732663
4	0	373.694413	0	21.792673
5	0.844728	301.93527	7.822678	84.88441
6	184.710846	23.720807	185.208894	1.846539
7	0.860057	3.49369	316.134365	74.998974
8	327.221368	59.100242	4.365405	4.800071
9	382.827276	1.836828	9.050985	1.771997
//
//
NA	STAT5{A,B}.p2
PO	A	C	G	T
1	20.864273	15.099875	36.969925	21.733185
2	46.214681	12.485171	23.752416	12.21499
3	30.946617	20.04987	5.833069	37.837702
4	1.901785	0.903731	0	91.861742
5	0	0.924715	0	93.742543
6	0.912994	93.754264	0	0
7	2.860834	48.112081	9.561133	34.13321
8	28.154597	22.780063	27.588688	16.14391
9	38.844158	0	53.922805	1.900295
10	0.973515	0	90.061759	3.631984
11	84.415592	0	3.697672	6.553994
12	92.722662	0	1.944596	0
13	58.277852	8.839399	12.348476	15.201531
14	3.694929	18.823417	12.115346	60.033566
15	26.216624	12.476212	40.818404	15.156018
16	11.1946	24.493796	29.462046	29.516816
17	39.705807	16.318183	17.032671	21.610597
18	19.798249	13.193082	35.265557	26.41037
19	1.868191	8.578603	4.635563	79.584901
20	15.744792	13.453299	1.809409	63.659758
21	5.647089	69.819788	0.985435	18.214946
22	16.924277	37.687585	18.035788	22.019608
23	17.207064	23.626431	28.296208	25.537555
24	41.790405	9.557539	31.225718	12.093596
25	20.857361	13.246208	57.67198	2.891709
26	36.023338	8.488139	24.511545	25.644236
27	35.740415	8.607848	48.493921	1.825074
//
//
NA	TAL1_TCF{3,4,12}.p2
PO	A	C	G	T
1	110.779999	88.76472	79.786094	97.969982
2	89.121134	91.790784	150.80162	45.587257
3	318.530236	5.412536	45.626692	7.731331
4	189.10848	181.993716	3.288254	2.910345
5	12.763916	306.232912	33.67888	24.625087
6	325.924939	0	40.678825	10.697031
7	23.426619	16.894019	54.519263	282.460894
8	21.761675	350.845909	0	4.693211
9	0	0	0	377.300795
10	1.27973	1.357979	372.711901	1.951185
11	0	43.691806	267.602509	66.00648
12	60.242215	119.603519	13.803721	183.65134
13	164.935692	4.512318	64.791219	143.061566
14	36.010578	88.781918	52.091963	200.416336
//
//
NA	TBP.p2
PO	A	C	G	T
1	48.098853	248.187507	142.281189	22.863048
2	0.874697	38.634177	16.062143	405.85958
3	447.673941999999	0	0.937529	12.819126
4	0	5.082858	0	456.347738999999
5	454.418116	0	0.853846	6.158635
6	358.638091	0	0	102.792506
7	447.949621	0	13.480976	0
8	281.2574	0	81.776131	98.397066
9	140.116748	5.343176	293.592198	22.378475
10	54.76697	111.791058	256.750147	38.122422
11	88.772018	162.102671	161.914802	48.641106
12	74.618247	148.924643	179.011426	58.876281
13	85.5327939999999	172.90308	148.294404	54.700319
14	73.397177	136.478303	200.075352	51.479765
15	61.388753	147.924883	201.499814	50.617147
//
//
NA	TBX4,5.p2
PO	A	C	G	T
1	147.006502	37.674437	176.724185	57.947137
2	134.279163	79.768382	120.292665	85.012051
3	349.766497	3.506989	64.400135	1.67864
4	0.907002	0	418.445259	0
5	1.568369	0	410.568545	7.215347
6	0.791679	3.112132	0	415.44845
7	1.642409	0	417.709852	0
8	3.045598	51.547748	0	364.758915
9	10.208067	140.998249	176.923553	91.222392
10	261.925126	6.096936	140.733928	10.596271
11	133.632702	66.561153	177.643305	41.515101
12	158.615189	46.884817	160.612902	53.239353
//
//
NA	TCF4_dimer.p2
PO	A	C	G	T
1	11.3243935633778	1660.78889168025	5.49492830241027	20.5359288572915
2	1660.78889168025	4.1211962268077	12.5359288572915	10.6179299670539
3	0.99166204265649	67.8145947841165	1660.78889168025	11.5965269706953
4	44.9292584914167	167.758723752384	1660.78889168025	0.3933296341252
5	4.57692941217271	17.3047960048552	20.4949283024103	1660.78889168025
6	4.95719400728282	0	1660.78889168025	9.45392774752905
7	98.8603224206693	1660.78889168025	334.892985018207	1370.41515960465
//
//
NA	TEAD1.p2
PO	A	C	G	T
1	40.543313	291.620405	28.324763	106.304236
2	300.381825	1.855206	160.966588	3.589098
3	5.443369	447.239632	3.510676	10.59904
4	446.19282	8.549907	2.936318	9.113672
5	0.888531	15.306569	0.884616	449.713001
6	0.926644	7.296986	0	458.569087
7	0	461.269188	0	5.523529
8	0.891326	438.376385	0	27.525006
9	124.569821	2.622013	7.263979	332.336904
10	35.387845	224.136721	188.063416	19.204735
11	114.964808	127.711249	129.098245	95.018415
12	4.523689	133.485933	291.153825	37.62927
//
//
NA	TFAP2{A,C}.p2
PO	A	C	G	T
1	0	0	875.284744999999	0
2	0	875.284744999999	0	0
3	0	875.284744999999	0	0
4	19.448596	504.643374	157.52937	193.663405
5	26.646924	370.027009	367.164203	111.446609
6	197.961893	217.861279	441.583263	17.87831
7	236.397017	53.750643	581.774498	3.362587
8	27.759238	17.666496	826.388371999999	3.470639
9	7.692792	452.733729	399.613904	15.24432
//
//
NA	TFAP2B.p2
PO	A	C	G	T
1	23.396784	26.420019	145.018421	0
2	0.989094	88.505855	90.820704	14.519571
3	0	192.88777	1.947454	0
4	24.514948	128.39127	33.130498	8.798508
5	2.902903	82.843622	103.254325	5.834374
6	1.951285	172.433867	5.922542	14.52753
7	71.104495	2.914674	120.816055	0
8	27.307392	5.797261	161.730571	0
9	0	6.815853	188.019371	0
10	0.99404	191.898893	0.958819	0.983472
11	28.037655	14.500515	119.183525	33.113529
12	25.207998	3.919342	161.835557	3.872327
13	46.524415	64.176159	50.757388	33.377262
14	42.822992	0.974329	151.037903	0
15	23.42545	55.509685	95.423531	20.476558
16	33.177924	69.105951	82.875348	9.676001
//
//
NA	TFAP4.p2
PO	A	C	G	T
1	100.935919	11.339498	15.571054	42.704675
2	28.796877	27.043595	108.487002	6.223672
3	63.310961	54.774655	49.972215	2.493315
4	61.202942	32.822763	69.017879	7.507562
5	24.335405	66.966706	30.584107	48.664928
6	1.72718	158.486297	4.282668	6.055001
7	161.95321	1.728932	0.981535	5.887469
8	8.358101	2.705957	157.043749	2.443339
9	0	162.833569	3.313998	4.403579
10	12.411169	8.249244	14.124317	135.766416
11	4.734487	29.51466	133.941244	2.360755
12	5.835922	70.070533	38.083636	56.561055
13	44.02001	3.053394	105.400631	18.077111
14	4.804799	5.824147	153.431742	6.490458
15	20.546444	72.962628	41.178524	35.86355
16	13.446756	145.241133	5.226867	6.63639
17	77.086218	27.83045	37.080635	28.553843
18	8.434218	12.910522	119.616812	29.589594
//
//
NA	TFCP2.p2
PO	A	C	G	T
1	29.536689	0	143.183133	12.272907
2	0	180.221525	2.870128	1.901076
3	1.796131	0.884532	0.969017	181.343049
4	0	0	176.760633	8.232096
5	1.769156	0.888386	182.335187	0
6	16.820829	53.062527	72.425051	42.684322
7	6.354469	52.663109	6.318157	119.656994
8	30.171406	70.142807	34.81599	49.862526
9	13.494607	29.878866	106.057895	35.561361
10	50.597584	49.291003	67.991961	17.112181
11	27.547574	11.936344	128.03355	17.475261
12	0	161.08436	14.442816	9.465553
13	3.560113	84.269333	10.466388	86.696895
14	49.832981	1.835715	117.643824	15.680209
15	0.885902	22.164505	161.942322	0
//
//
NA	TFDP1.p2
PO	A	C	G	T
1	0	19.561099	380.92091	0
2	0	6.622305	393.859704	0
3	0	400.482009	0	0
4	0	0	400.482009	0
5	0	266.862471	133.619538	0
6	0	7.835096	390.268316	2.378597
//
//
NA	TFEB.p2
PO	A	C	G	T
1	390.663877107686	51.4839608979001	479.9358435916	11.2719664839143
2	20.8479776559429	39.24198044895	44.24198044895	479.9358435916
3	0	479.9358435916	3.21199441398572	1.21199441398572
4	479.9358435916	1.8479776559429	3.21199441398572	12.24198044895
5	0	479.9358435916	8.42398882797145	68.331938553843
6	68.331938553843	8.42398882797145	479.9358435916	0
7	12.24198044895	3.21199441398572	1.8479776559429	479.9358435916
8	1.21199441398572	3.21199441398572	479.9358435916	0
9	479.9358435916	44.24198044895	39.24198044895	20.8479776559429
10	11.2719664839143	479.9358435916	51.4839608979001	390.663877107686
//
//
NA	TGIF1.p2
P0	A	C	G	T
1	190.163874	0	11.162951	7.391694
2	25.518757	22.805335	159.450245	0.944182
3	0	166.197785	9.416941	33.103793
4	0	0	0	208.718519
5	0	0.940602	207.777917	0
6	0	4.80978	3.719092	200.189647
7	0	208.718519	0	0
8	206.848933	0	0	1.869586
9	43.15712	55.270927	78.191211	32.099261
10	87.598316	31.251029	33.912165	55.957009
11	115.131771	6.515728	39.425784	47.645236
//
//
NA	TLX1..3_NFIC{dimer}.p2
PO	A	C	G	T
1	2.949819	1.935302	7.871181	85.799738
2	0	0	96.595832	1.960208
3	0	0	98.55604	0
4	2.940289	95.615751	0	0
5	67.011774	19.805853	2.953686	8.784727
6	8.853184	29.482041	56.302626	3.918189
7	11.761222	37.54687	31.565214	17.682734
8	46.253775	7.854783	35.568603	8.878879
9	34.62123	14.767608	23.633411	25.533791
10	0	0.995265	95.588659	1.972116
11	0	92.662605	0	5.893435
12	0	98.55604	0	0
13	90.631209	7.924831	0	0
14	77.835918	4.938959	13.793202	1.987961
//
//
NA	TLX2.p2
PO	A	C	G	T
1	3.204402	15.962044	3.588226	13.069359
2	4.625185	1.573831	27.637356	1.987659
3	0.313018	0	34.938397	0.572616
4	0	2.47975	0	33.344281
5	31.632345	0.428319	3.763367	0
6	35.824031	0	0	0
7	0	1.276559	25.260495	9.286977
8	1.204419	0	0.86955	33.750062
9	3.116908	1.337599	22.757375	8.612149
10	4.27063	3.353295	24.312084	3.888022
//
//
NA	T.p2
PO	A	C	G	T
1	16.521124	98.943121	50.845225	17.526598
2	9.117083	41.801054	5.423114	127.494817
3	161.532434	0.839282	18.763134	2.701218
4	1.680527	0.911049	177.732855	3.511637
5	3.519852	0.884678	178.578829	0.852709
6	0	0	2.824799	181.011269
7	1.707228	0.962246	180.267188	0.899406
8	0.84044	7.41206	1.865692	173.717876
9	7.907895	23.04804	139.498825	13.381308
10	176.659964	0.939762	2.842785	3.393557
11	132.681051	27.764841	10.869965	12.520211
//
//
NA	TP53.p2
PO	A	C	G	T
1	24.833194	49.909662	12.741555	5.420911
2	22.444117	25.789536	34.701953	9.969716
3	18.784722	0	72.238452	1.882148
4	32.427396	0	60.477926	0
5	20.189253	0.88108	66.411359	5.42363
6	0	92.063543	0	0.841779
7	85.656736	2.592464	3.656161	0.999961
8	8.111316	2.657697	12.65702	69.479289
9	0	0.850188	92.055134	0
10	3.889954	60.437433	2.528145	26.04979
11	1.742354	70.705243	7.574414	12.883311
12	1.847559	49.924775	31.043855	10.089133
13	5.242777	2.845862	75.807501	9.009182
14	8.123152	0	72.816085	11.966085
15	25.88775	0	66.104064	0.913508
16	9.196064	65.583922	16.211154	1.914182
17	56.757966	3.967273	4.800638	27.379445
18	16.192636	0	16.667139	60.045547
19	1.887978	9.659654	77.612774	3.744916
20	13.18344	18.179337	4.496092	57.046453
//
//
NA	VSX1,2.p2
P0	A	C	G	T
1	30.659892	15.784743	28.625305	13.744183
2	29.958205	19.175027	25.509515	14.171376
3	30.321505	20.614864	17.661245	20.216509
4	0	8.005088	0	80.809035
5	88.036524	0.777599	0	0
6	88.814123	0	0	0
7	1.648367	0	0.826518	86.339238
8	0	0	0.934196	87.879927
9	85.398192	0	0	3.415931
10	9.063721	1.6636	77.186879	0.899923
11	10.199683	72.51051	6.10393	0
12	27.975551	24.602396	14.463287	21.772889
13	20.033855	30.238106	14.285872	24.25629
14	33.942161	12.863708	16.670999	25.337255
//
//
NA	XBP1.p3
PO	A	C	G	T
1	597.519467553426	111.651946755343	77	341.867520798083
2	597.519467553426	216.955840266028	404.259733776713	293.259733776713
3	296.259733776713	272.955840266028	314.563627287398	597.519467553426
4	112.911680532055	25.3038935106851	597.519467553426	66
5	490.519467553426	597.519467553426	3	4.65194675534256
6	62.3038935106851	597.519467553426	3.95584026602768	66.3038935106851
7	597.519467553426	7.65194675534256	12.6519467553426	13
8	4	597.519467553426	1	0
9	6	0.30389351068512	597.519467553426	1
10	7	7.65194675534256	4.65194675534256	597.519467553426
11	40.6077870213702	597.519467553426	16.6519467553426	2.65194675534256
//
//
NA	YY1.p2
PO	A	C	G	T
1	218.12758	0	907.912169	38.579205
2	0	1155.69495	0.553604	8.3704
3	0	1163.366057	0	1.252897
4	1162.484352	0	2.134602	0
5	0	0	0	1164.618954
6	51.253761	848.797314000001	132.994365	131.573514
//
//
NA	ZBTB16.p2
PO	A	C	G	T
1	6.353954	70.219248	58.945489	221.293957
2	8.292344	24.064961	25.388361	299.066982
3	127.406121	59.316835	113.518415	56.571277
4	64.474348	37.70863	57.117691	197.511979
5	131.720616	6.224415	2.238855	216.628762
6	43.402208	58.750761	31.811097	222.848582
7	56.721611	40.767912	41.919046	217.404079
8	56.775244	28.666724	140.001467	131.369213
9	125.979164	62.667215	66.815829	101.35044
10	141.584537	54.756069	12.679896	147.792146
11	71.567685	6.635921	130.380918	148.228124
12	58.62353	96.07166	84.404128	117.71333
13	6.992406	3.646797	3.096037	343.077408
14	327.531666	3.062317	11.091839	15.126826
15	350.348686	0.906712	1.450552	4.106698
16	339.646492	1.480485	4.737697	10.947974
17	93.047186	33.369882	135.992922	94.402658
18	58.82549	90.968013	22.685806	184.333339
19	79.424222	19.550309	3.394784	254.443333
20	35.3438	9.774883	57.379429	254.314536
21	78.959605	1.987839	111.697178	164.168026
22	208.36418	2.218561	73.270285	72.959622
23	93.4063789999999	49.293226	19.283613	194.82943
24	33.141906	131.411888	2.907642	189.351212
25	115.356534	0.900617	21.598601	218.956896
26	97.56254	21.847211	152.109435	85.293462
27	56.960341	31.675828	32.105449	236.07103
28	40.038311	21.954129	51.777028	243.04318
29	7.907955	138.384921	55.104528	155.415244
//
//
NA	ZBTB6.p2
P0	A	C	G	T
1	12.75695	77.460159	21.485302	37.261027
2	8.830129	2.961378	136.192844	0.979087
3	0	0.976179	137.270769	10.71649
4	0	148.963438	0	0
5	2.931264	0.958473	2.977262	142.096439
6	0	147.03159	0	1.931848
7	0	123.45013	0	25.513308
8	132.207838	7.86924	4.940504	3.945856
9	0.988561	11.790552	46.043254	90.141071
10	0.975995	104.842439	34.313017	8.831987
11	59.88888	0	32.285969	56.788589
12	0	99.793419	0	49.170019
13	3.908848	132.321212	7.845091	4.888287
//
//
NA	ZEB1.p2
PO	A	C	G	T
1	131.518756	410.442575	333.596143000001	20.312073
2	87.985988	445.171425	129.15353	233.558604
3	220.416276	21.176247	636.079004	18.19802
4	1.720719	881.617294	3.461966	9.069568
5	859.513512999999	0.880742	32.912279	2.563013
6	0	868.487859	6.06783	21.313858
7	2.61893	848.468946999999	44.78167	0
8	0	1.677913	0	894.191633999999
9	2.543581	1.621881	886.549804999999	5.15428
10	18.09673	206.853461	386.397542	284.521814
11	147.679327	130.283902	476.031602	141.874716
12	126.949105	512.472689	196.801828	59.645925
//
//
NA	ZFP161.p2
P0	A	C	G	T
1	3.377641	62.927784	18.612608	12.588277
2	14.599347	0	82.906963	0
3	5.88782	13.557328	73.694095	4.367067
4	38.093137	0.784521	58.628652	0
5	9.89296	3.843904	73.947532	9.821914
6	7.4308	2.511621	87.563889	0
7	0	94.061908	0	3.444402
8	0	0	96.706125	0.800185
9	0	84.978433	1.709683	10.818194
10	9.391593	0	87.358679	0.756038
11	0	95.823434	0	1.682876
12	47.441587	0.925912	6.683325	42.455486
13	3.286066	44.742118	25.045072	24.433054
//
//
NA	ZIC1..3.p2
P0	A	C	G	T
1	12.428143	17.887018	29.088634	71.288065
2	4.936005	0	125.755855	0
3	2.804834	0	127.887026	0
4	1.925005	2.087614	123.9935	2.685741
5	1.484917	2.149256	6.189921	120.867766
6	6.700902	1.260357	122.123602	0.606999
7	0.630074	4.780492	125.281294	0
8	0	13.480077	3.807328	113.404455
9	3.815203	120.928543	4.611867	1.336247
//
//
NA	ZNF143.p2
P0	A	C	G	T
1	6.958208	268.692007	35.78313	18.871575
2	207.232686	52.653478	57.509645	12.909111
3	120.000732	70.577211	44.653625	95.073352
4	4.952151	152.757733	54.588655	118.006381
5	24.774256	11.933058	2.953644	290.643962
6	0	313.415701	0	16.889219
7	0	330.30492	0	0
8	0	328.311068	0	1.993852
9	296.581291	0	22.792986	10.930643
10	14.833301	27.722328	259.049534	28.699757
11	118.14522	128.968678	83.191022	0
12	229.053256	18.905325	75.448882	6.897457
13	23.776912	10.916331	46.61576	248.995917
14	28.858041	31.713098	240.87422	28.859561
15	0	325.341335	2.968624	1.994961
16	78.282615	171.630416	4.977524	75.414365
17	40.623781	155.774489	49.643717	84.262933
18	10.949598	183.332675	6.927346	129.095301
19	15.880708	5.969678	297.525443	10.929091
20	14.862284	264.817496	44.653755	5.971385
//
//
NA	ZNF148.p2
PO	A	C	G	T
1	0	149.113246	10.182075	30.38519
2	92.010566	7.428115	76.13957	14.10226
3	39.717954	36.291212	88.292798	25.378547
4	7.703174	118.260137	43.999877	19.717323
5	35.18597	132.806137	14.224593	7.463811
6	16.897947	97.913431	24.674448	50.194685
7	18.872727	75.852793	62.154719	32.800272
8	73.902557	1.874353	21.684365	92.219236
9	1.924807	1.850668	185.905036	0
10	1.845513	0	184.936781	2.898217
11	0.959209	4.698341	180.267268	3.755693
12	0.928822	10.648203	14.187723	163.915763
13	6.493709	4.648903	172.937134	5.600765
14	39.070059	5.543185	91.069123	53.998144
15	16.94351	0	172.737001	0
16	0	14.054371	174.692445	0.933695
//
//
NA	ZNF238.p2
PO	A	C	G	T
1	40.711974	30.788645	79.380823	47.688558
2	62.542727	45.663463	71.502339	18.861471
3	115.139457	83.430543	0	0
4	176.734527	0.994073	20.8414	0
5	0	197.587673	0	0.982327
6	194.63416	0	0	3.93584
7	0	0	7.897749	190.672251
8	0	197.577825	0	0.992175
9	0	0	0	198.57
10	0	0	198.57	0
11	1.988928	2.947875	176.745942	16.887255
12	124.189424	48.637615	24.756677	0.986284
//
//
NA	ZNF384.p2
PO	A	C	G	T
1	2.520626	247.267389	537.271090000001	1.608606
2	779.898207000002	4.173385	4.596119	0
3	781.744694000002	3.79572	3.127297	0
4	770.424032000001	0	18.243679	0
5	787.285682000001	0	1.382029	0
6	785.920071000001	0	0	2.74764
7	254.550249	171.692731	346.816766	15.607965
8	94.859721	299.37785	82.8571029999999	311.573037
9	265.083982	275.394228	94.729759	153.459742
//
//
NA	ZNF423.p2
PO	A	C	G	T
1	64.691378	7.853244	102.459531	0
2	0	54.332176	120.671977	0
3	64.368461	96.386088	4.404516	9.845088
4	48.947531	121.607453	3.504038	0.945131
5	0.926403	171.384257	2.693493	0
6	0	174.187088	0.817065	0
7	0.892117	124.173239	1.780922	48.157875
8	116.13762	9.336681	14.55453	34.975322
9	37.716199	0.910137	116.90576	19.472057
10	0.957776	0	172.216908	1.829469
11	1.66872	7.110347	159.628529	6.596557
12	0.811533	6.104038	102.873139	65.215443
13	1.722811	4.478702	86.940992	81.861648
14	0	50.419456	91.07797	33.506727
15	54.702091	118.562663	0.833023	0.906376
//
