>AHR_MOUSE.H10MO.B
41	11	22	3	1	3	0	0	43
18	12	44	1	150	1	3	0	67
56	35	21	146	1	149	1	154	16
39	96	67	4	2	1	150	0	28
>AIRE_MOUSE.H10MO.C
16	8	6	2	0	13	16	15	14	21	16	9	0	0	9	3	18	17
11	8	6	0	0	2	4	6	3	4	2	6	1	0	4	8	1	11
5	6	8	36	33	1	1	6	6	6	3	3	36	40	10	8	7	4
9	19	21	3	8	25	20	14	18	10	20	23	4	1	18	22	15	9
>ALX1_MOUSE.H10MO.B
14	2	24	27	0	1	15	11	24	3	2	25
6	3	1	2	3	7	0	8	0	0	1	2
8	0	3	0	0	4	16	11	4	1	1	2
3	26	3	2	28	19	0	1	3	27	27	2
>ANDR_MOUSE.H10MO.B
40	7	55	99	2	94	12	42	51	22	2	13	32	17	11	32
5	4	0	1	123	5	35	25	13	33	6	3	2	104	35	16
73	118	30	12	4	14	50	42	40	7	120	12	38	3	8	25
12	1	45	18	1	17	33	21	26	68	2	102	58	6	76	57
>AP2A_MOUSE.H10MO.A
31	13	26	66	1	821	145	38	126
764	1790	1749	419	0	297	30	29	1036
1083	97	81	169	1742	742	1746	1859	698
52	30	74	1276	187	70	9	4	70
>AP2B_MOUSE.H10MO.B
1	0	0	3	2	9	2	0	5	6
0	18	27	16	1	9	1	0	3	12
22	7	0	0	25	10	24	28	19	7
5	3	1	9	0	0	1	0	1	3
>AP2C_MOUSE.H10MO.A
3	1	25	16	13	581	315	32	76
611	1572	1567	381	0	330	1	1	893
961	1	1	36	1416	629	1282	1564	571
24	25	6	1166	170	59	1	2	59
>AP2D_MOUSE.H10MO.D
1	0	0	0	0	0	2	0	0	0	1	0	0	1
2	0	3	5	3	0	1	0	0	4	1	4	1	1
1	5	1	0	0	5	2	5	5	1	2	1	4	0
1	0	1	0	2	0	0	0	0	0	1	0	0	3
>ARI3A_MOUSE.H10MO.D
17	30	5	7	42	41	21	0	13	22	20	32	6	7	32	33	42	18	5	23	27	29
5	4	0	0	2	3	0	18	8	2	2	0	2	25	0	2	0	0	6	6	3	1
14	0	0	0	0	0	1	10	19	16	7	4	4	2	0	0	0	2	4	1	0	3
8	10	39	37	0	0	22	16	4	4	15	8	32	10	12	9	2	24	29	14	14	11
>ARI3A_MOUSE.H10MO.S
27	47	0	0	47	47	39
3	0	0	0	0	0	0
12	0	0	0	0	0	0
5	0	47	47	0	0	8
>ARI5B_MOUSE.H10MO.C
3	2	0	0	5	3	0	13	0	0	2	2	4
2	4	4	2	1	1	0	0	2	1	4	1	2
5	6	3	5	5	10	0	2	0	1	8	4	6
5	3	8	8	4	1	15	0	13	13	1	8	3
>ARNT2_MOUSE.H10MO.D
3	3	0	0	0	0	1	3	10	0	7	2
2	5	12	1	0	1	0	6	0	6	0	11
11	6	4	17	1	17	16	7	5	10	9	3
2	4	2	0	17	0	1	2	3	2	2	2
>ARNT_MOUSE.H10MO.B
28	13	146	0	0	0	0	50
66	139	0	268	0	0	0	148
63	16	122	0	268	0	268	15
111	100	0	0	0	268	0	55
>ATF1_MOUSE.H10MO.B
10	0	0	34	0	1	1	3	25	7
11	0	0	0	33	0	2	19	5	13
11	0	34	0	1	33	0	9	2	10
2	34	0	0	0	0	31	3	2	4
>ATF2_MOUSE.H10MO.B
26	0	1	90	1	0	5	28	71
22	0	2	0	69	3	8	47	8
33	0	85	0	7	83	3	7	6
9	90	2	0	13	4	74	8	5
>ATF3_MOUSE.H10MO.A
453	15	3	1972	13	54	109	680	1140
431	9	18	15	1319	129	1024	892	256
881	12	2011	9	138	1121	26	259	323
271	2000	4	40	566	732	877	205	317
>ATOH1_MOUSE.H10MO.C
272	149	5	500	2	262	8	1	8	57	198
14	67	495	0	0	222	2	0	35	221	106
195	283	0	0	493	16	0	498	378	86	124
19	1	0	0	5	0	490	1	79	136	72
>BACH1_MOUSE.H10MO.C
1	1	0	0	0	7	0	0	0	8	1	1	0	0
2	0	8	1	0	0	2	0	8	0	3	0	2	0
0	7	0	0	8	0	6	0	0	0	0	6	5	0
5	0	0	7	0	1	0	8	0	0	4	1	1	8
>BARX2_MOUSE.H10MO.D
2	0	6	4	0	13	14	0	0	5
2	6	2	2	0	0	0	0	1	0
1	2	4	0	0	1	0	0	6	7
9	6	2	8	14	0	0	14	7	2
>BATF_MOUSE.H10MO.B
773	92	0	1799	0	1	165	1865	231	728
571	1	65	0	0	21	1708	0	267	356
269	19	1639	7	1760	66	5	0	492	174
265	1766	174	72	118	1790	0	13	888	620
>BCL6_MOUSE.H10MO.C
149	46	45	42	32	1	197	61	431	272	362	60	114
61	16	55	413	391	11	19	11	18	69	20	24	205
96	35	41	21	6	7	269	424	37	127	76	313	69
194	403	359	24	71	481	15	4	14	32	42	103	112
>BHE40_MOUSE.H10MO.B
224	169	1995	4	102	92	0	1398	152
11	1866	42	1923	4	55	0	303	1041
1200	1	0	68	1927	24	2037	173	616
602	1	0	42	4	1866	0	163	228
>BHE41_MOUSE.H10MO.D
4	0	3	4	1	0	0	0	7	2	0	0	0	3	4	0	5	4	3	2
1	6	3	1	1	4	5	10	0	6	1	0	0	6	2	1	2	1	1	3
2	4	3	5	4	5	0	0	2	1	8	0	10	1	1	7	3	4	6	3
3	0	1	0	4	1	5	0	1	1	1	10	0	0	3	2	0	1	0	2
>BMAL1_MOUSE.H10MO.C
3	1	5	9	0	15	0	0	0	0	11	1	2	1
2	0	2	0	14	0	15	0	0	0	0	12	7	10
4	13	7	2	0	0	0	15	0	15	4	1	1	4
6	1	1	4	1	0	0	0	15	0	0	1	5	0
>BRAC_MOUSE.H10MO.D
12	4	21	9	15	8	0	3	26	0	26	0	0	0	26	0	0	0	0	1	0	25	22	22	7
3	13	1	1	0	0	0	5	0	26	0	25	24	0	0	2	1	1	0	1	7	0	2	0	3
9	8	1	1	0	17	0	18	0	0	0	0	1	0	0	24	25	0	26	0	17	0	1	3	3
2	1	3	15	11	1	26	0	0	0	0	1	1	26	0	0	0	25	0	24	2	1	1	1	13
>BRCA1_MOUSE.H10MO.D
11	14	3	4	2	1	0	0	5
14	0	9	25	11	0	2	0	5
21	20	11	35	33	63	0	0	60
27	39	50	9	27	9	71	73	3
>CDC5L_MOUSE.H10MO.D
2	0	2	5	0	2	1	9	8	1	6	2	8	6	1
2	2	0	1	1	0	0	0	0	6	0	1	1	0	3
5	4	8	1	3	2	0	1	0	0	3	0	1	1	2
1	4	0	3	6	6	9	0	2	3	1	7	0	3	4
>CDX1_MOUSE.H10MO.C
14	1	1	2	24	7	6	6
7	0	0	2	0	3	0	3
2	3	1	4	5	1	24	10
7	26	28	22	1	19	0	11
>CDX2_MOUSE.H10MO.C
17	2	0	3	35	0	13	11
1	0	0	0	0	11	1	2
3	0	1	0	1	2	15	15
15	34	35	33	0	23	7	8
>CDX4_MOUSE.H10MO.A
161	87	399	5	8	19	498	14	85	84	32	109
9	12	19	5	3	26	1	97	13	21	283	200
48	326	4	2	6	22	1	11	242	332	108	44
282	75	78	488	483	433	0	378	160	63	77	147
>CEBPA_MOUSE.H10MO.B
116	265	1	2	123	121	1	137	495	499	3	220
66	72	1	1	3	24	0	333	1	0	99	82
110	134	2	85	223	95	498	3	4	1	64	81
208	29	496	412	151	260	1	27	0	0	334	117
>CEBPB_MOUSE.H10MO.A
92	273	0	0	25	3	294	94	319	497	4
65	56	6	0	0	495	17	221	178	3	154
145	152	0	3	421	0	125	3	1	0	106
198	19	494	497	54	2	64	182	2	0	236
>CEBPD_MOUSE.H10MO.B
30	34	0	3	28	10	4	19	76	74	11
11	13	0	1	3	24	6	46	0	0	6
25	25	4	25	30	17	66	1	1	3	15
11	5	73	48	16	26	1	11	0	0	45
>CEBPE_MOUSE.H10MO.A
91	0	185	39	70	260	688	812	0	215	173	92
87	0	0	463	0	362	123	0	122	394	57	253
164	81	378	177	742	1	1	0	9	33	147	167
470	731	249	133	0	189	0	0	681	170	435	300
>CEBPG_MOUSE.H10MO.C
13	0	0	4	3	0	3	22	22	0	3	2	2
4	0	1	0	4	4	14	0	0	4	11	2	5
3	0	6	9	5	18	0	0	0	1	5	5	8
2	22	15	9	10	0	5	0	0	17	3	13	7
>CEBPZ_MOUSE.H10MO.D
8	0	1	0	26	0	0	0	0	1	1
1	18	6	9	0	0	0	0	0	20	3
9	6	0	15	0	0	0	26	26	0	1
8	2	19	2	0	26	26	0	0	5	21
>COE1_MOUSE.H10MO.C
34	23	0	7	1	180	36	7	83	1	370	105	98
130	115	497	395	494	4	7	2	0	0	19	190	168
239	12	3	0	1	14	356	489	417	499	103	131	49
97	350	0	98	4	302	101	2	0	0	8	74	185
>COT1_MOUSE.H10MO.B
8	57	54	67	1	0	1	1	70
53	9	4	0	0	0	7	75	7
7	8	18	16	82	63	2	1	4
15	9	7	0	0	20	73	6	2
>COT1_MOUSE.H10MO.S
7	8	9	8	62	50	59	1	2	3	1	67
10	6	19	57	6	4	0	0	4	6	71	8
58	40	20	6	4	21	22	81	53	3	5	4
7	28	34	11	10	7	1	0	23	70	5	3
>COT2_MOUSE.H10MO.B
12	47	46	59	0	1	1	1	70	37
49	9	6	0	0	0	0	71	4	8
7	9	22	16	77	64	1	2	3	22
9	12	3	2	0	12	75	3	0	10
>COT2_MOUSE.H10MO.S
32	44	7	5	8	0	72	43	43	14	12	7	5	45	33
17	1	2	1	10	72	4	7	3	1	5	9	49	11	19
23	21	63	56	16	5	0	21	22	59	52	17	9	16	15
7	13	7	17	45	2	3	8	11	5	10	46	16	7	12
>CREB1_MOUSE.H10MO.B
69	0	1	283	0	5	14	79	165
57	1	0	1	252	2	74	149	36
133	1	281	2	19	275	6	40	44
27	284	4	0	15	4	192	18	41
>CREM_MOUSE.H10MO.C
1	14	8	0	1	29	1	7	3	1	25
17	6	12	0	0	1	27	0	1	21	3
8	10	8	0	29	0	2	23	0	7	1
4	0	2	30	0	0	0	0	26	1	1
>CRX_MOUSE.H10MO.A
162	258	311	102	197	168	2	408	0	7	449	214
68	50	44	40	79	4	13	87	0	8	0	39
45	136	89	248	156	324	485	4	0	3	3	196
225	56	56	110	68	4	0	1	500	482	48	51
>CRX_MOUSE.H10MO.S
13	14	6	39	2	2	50	20
13	1	1	11	0	1	1	3
21	25	44	0	0	0	1	23
5	12	1	2	50	49	0	6
>CTCF_MOUSE.H10MO.A
50	63	115	25	4	333	13	73	453	1	158	22	0	18	33	146	34	60	154	59
202	87	38	429	487	11	296	249	20	0	2	17	3	13	440	3	311	186	146	116
46	261	288	27	6	114	187	35	17	498	339	343	494	444	1	346	130	64	174	175
202	89	59	19	3	42	4	143	10	1	1	118	3	25	26	5	25	190	26	150
>CUX1_MOUSE.H10MO.C
45	12	30	19	15	26	92	1	0	13	67	1	7	12
14	20	14	24	28	7	1	2	66	4	0	2	25	18
31	36	50	44	31	34	3	0	4	74	26	0	49	38
7	29	3	10	23	30	1	94	27	6	4	94	16	29
>CXXC1_MOUSE.H10MO.D
5	0	4	0	5	3	9
43	0	6	0	1	1	31
1	55	17	9	36	28	2
9	3	31	49	16	26	16
>DBP_MOUSE.H10MO.B
8	2	2	16	1	2	0	23	24	3	10
6	0	2	2	3	1	11	1	0	8	6
10	1	2	4	2	21	0	0	0	6	5
1	22	19	3	19	1	14	1	1	8	4
>DDIT3_MOUSE.H10MO.C
9	9	8	2	34	0	0	1	0	37	6	5	5
4	7	7	3	0	1	0	0	36	0	11	10	13
27	25	23	25	5	1	0	37	5	4	8	9	11
1	0	3	11	2	39	41	3	0	0	16	17	12
>DLX2_MOUSE.H10MO.D
4	0	5	4	0	0	3	1
1	0	0	0	0	0	0	1
0	0	0	1	0	0	2	1
0	5	0	0	5	5	0	2
>DLX3_MOUSE.H10MO.C
6	14	0	33	34	0	0	18	5	15
4	14	1	0	0	0	0	1	18	5
22	6	0	1	0	0	2	12	9	4
2	0	33	0	0	34	32	3	2	10
>E2F1_MOUSE.H10MO.A
808	732	650	530	199	20	146	110	103	149	1666	1521	1285	679
343	211	350	156	144	114	1928	20	790	303	150	83	183	474
504	702	452	549	1770	1986	33	1898	1210	1652	289	460	561	676
480	490	683	900	22	15	28	107	32	31	30	71	106	306
>E2F2_MOUSE.H10MO.B
1	0	0	0	0	0	5	7	5	1
1	0	6	0	6	0	2	1	0	6
5	8	2	8	1	8	1	0	1	0
1	0	0	0	1	0	0	0	2	1
>E2F3_MOUSE.H10MO.B
1	0	0	0	0	0	8	9	9	2
7	6	12	0	12	4	2	3	0	7
4	6	0	11	0	8	2	0	2	1
0	0	0	1	0	0	0	0	1	2
>E2F4_MOUSE.H10MO.C
84	153	96	38	3	43	9	8	9	376	297	190
81	61	42	43	9	435	2	53	17	42	69	98
260	173	231	414	481	3	467	436	470	77	109	151
75	113	131	5	7	19	22	3	4	5	25	61
>E2F5_MOUSE.H10MO.B
2	0	0	0	0	0	12	12	12	3
4	1	12	0	10	6	0	0	0	5
4	11	0	12	2	6	0	0	0	2
2	0	0	0	0	0	0	0	0	2
>E2F6_MOUSE.H10MO.A
412	376	275	47	216	108	16	19	1506	1086	484	347
314	120	220	53	1599	54	121	19	6	97	318	415
553	858	1341	1752	4	1657	1712	1807	348	669	968	901
585	510	28	12	45	45	15	19	4	12	94	201
>E2F7_MOUSE.H10MO.D
2	3	2	1	0	0	0	0	0	5	5	5	2
1	0	0	0	0	5	0	4	0	0	0	0	1
0	0	2	4	5	0	5	1	5	0	0	0	1
2	2	1	0	0	0	0	0	0	0	0	0	1
>E4F1_MOUSE.H10MO.D
2	1	0	0	9	0	0	1	2
3	0	0	0	0	9	0	0	5
2	7	0	5	0	0	9	0	1
2	1	9	4	0	0	0	8	1
>EGR1_MOUSE.H10MO.A
286	83	113	7	18	143	48	23	168	41	171
356	114	1563	2	25	36	124	19	1412	14	123
601	1666	35	1875	926	1702	1700	1845	14	1803	1150
644	24	176	3	918	6	15	0	293	29	443
>EGR2_MOUSE.H10MO.C
5	1	5	0	1	0	0	0	1	0	3
3	0	9	0	1	0	0	0	15	0	1
8	20	4	21	6	21	21	21	0	18	13
5	0	3	0	13	0	0	0	5	3	4
>EGR3_MOUSE.H10MO.D
5	2	5	1	1	0	0	0	0	0	1
0	0	2	0	0	0	0	0	4	0	1
0	5	0	7	1	8	7	8	0	7	1
3	1	1	0	6	0	1	0	4	1	5
>EGR4_MOUSE.H10MO.D
0	0	0	0	0	0	3	0	0	0	2
0	0	3	0	0	3	0	0	1	0	2
6	6	2	6	6	1	3	5	5	6	1
0	0	1	0	0	2	0	1	0	0	1
>EHF_MOUSE.H10MO.A
160	213	308	71	110	169	0	0	400	400	131	3	235
109	37	0	232	290	231	0	0	0	0	3	7	23
64	17	85	93	0	0	400	376	0	0	261	61	106
67	133	7	4	0	0	0	24	0	0	5	329	36
>ELF1_MOUSE.H10MO.B
26	6	36	0	0	75	74	16	9	15
19	53	40	0	0	0	0	6	19	12
22	15	0	76	76	1	0	53	5	33
9	2	0	0	0	0	2	1	43	16
>ELF2_MOUSE.H10MO.C
1	4	2	0	7	0	0	9	9	1	0	4	4	2	1
2	0	2	7	1	0	0	0	0	0	2	0	1	3	1
1	3	3	2	1	9	9	0	0	8	2	5	3	3	2
5	2	2	0	0	0	0	0	0	0	5	0	1	1	5
>ELF3_MOUSE.H10MO.D
2	2	2	7	8	7	2	13	0	0	14	12	7	0
2	1	7	2	2	3	12	0	0	0	0	0	2	6
7	10	5	2	0	1	0	1	14	14	0	0	5	0
3	1	0	3	4	3	0	0	0	0	0	2	0	8
>ELF5_MOUSE.H10MO.D
25	12	19	24	0	0	39	26	16	3	19
1	9	11	11	0	0	0	0	4	7	3
2	3	7	3	39	39	0	0	19	1	6
11	15	2	1	0	0	0	13	0	28	11
>ELK1_MOUSE.H10MO.B
68	27	33	3	2	153	134	42	10
22	112	112	0	1	1	0	15	36
50	16	11	147	153	0	2	100	21
20	5	4	10	4	6	24	3	93
>ELK3_MOUSE.H10MO.D
2	3	1	3	0	0	7	5	3	0	0	1
3	2	6	2	0	0	0	1	0	1	3	5
2	1	0	0	7	7	0	0	4	0	4	1
0	1	0	2	0	0	0	1	0	6	0	0
>ELK4_MOUSE.H10MO.B
17	42	1	4	1	2	54	40	11	3	18
18	3	52	50	0	0	0	0	2	15	16
12	4	1	0	52	51	0	0	40	0	17
7	5	0	0	1	1	0	14	1	36	3
>EPAS1_MOUSE.H10MO.D
0	2	2	4	4	0	7	0	0	2	1	1	0
1	0	0	4	0	2	0	7	0	0	2	2	1
9	3	10	1	8	1	5	4	12	0	8	5	11
2	7	0	3	0	9	0	1	0	10	1	4	0
>ERG_MOUSE.H10MO.A
445	14	105	0	0	634	484	334	0	44	166
29	563	530	0	0	0	3	0	127	356	331
107	57	0	635	635	0	0	280	0	198	101
54	1	0	0	0	1	148	21	508	37	37
>ERR1_MOUSE.H10MO.A
268	449	1569	1923	40	15	189	28	1906
692	1180	72	28	6	13	83	1800	21
205	350	296	63	1955	1997	230	138	78
883	69	111	34	47	23	1546	82	43
>ERR2_MOUSE.H10MO.B
215	249	3421	3612	20	9	142	7	3397
1110	2605	23	2	2	6	147	3210	18
620	524	198	43	3621	3639	324	263	223
1717	284	20	5	19	8	3049	182	24
>ERR3_MOUSE.H10MO.B
1	1	11	14	0	0	1	1	12
0	10	0	0	1	1	0	11	1
2	1	3	0	12	13	0	0	1
11	2	0	0	1	0	13	2	0
>ESR1_MOUSE.H10MO.B
276	69	9	8	2	475	38	105	76	43	41	274	20	18	66	58	152	91
53	15	7	20	480	14	211	137	133	68	61	129	426	452	130	114	87	171
169	381	503	64	29	9	207	209	223	17	412	68	34	18	13	238	208	191
27	60	6	433	14	27	69	74	93	397	11	54	45	37	316	115	78	72
>ESR2_MOUSE.H10MO.B
165	19	6	7	1	331	39	70	50	25	51	182	32	33	34
6	0	15	27	348	2	135	58	62	40	32	71	247	267	74
174	290	328	36	0	0	115	138	153	16	259	50	12	5	30
4	40	0	279	0	16	60	83	84	268	7	46	58	44	211
>ESR2_MOUSE.H10MO.S
209	12	1	3	0	359	49
6	0	11	27	370	8	168
146	336	350	30	0	0	114
10	23	9	311	1	4	40
>ETS1_MOUSE.H10MO.B
73	22	81	0	0	147	101	34	21
18	90	57	0	1	0	3	10	32
28	34	5	147	146	0	5	98	7
28	1	4	0	0	0	38	5	87
>ETS2_MOUSE.H10MO.C
10	17	12	1	3	42	32	11	6	8	5
11	18	14	1	0	0	2	0	9	2	12
17	3	15	39	39	0	5	28	6	21	21
4	4	1	1	0	0	3	3	21	11	4
>ETV4_MOUSE.H10MO.B
8	31	2	3	41	39	12	2
21	11	1	0	0	1	1	12
14	2	42	44	6	0	34	8
4	3	2	0	0	7	0	25
>ETV5_MOUSE.H10MO.D
3	7	2	10	2	0	13	9	1	4	9	10	1
3	4	9	4	0	1	2	2	3	2	2	2	7
8	0	4	0	13	14	0	2	10	2	0	1	1
1	4	0	1	0	0	0	2	1	7	4	2	6
>EVI1_MOUSE.H10MO.B
58	90	3	137	6	134	129	4	136	0	127	109	30	105	19	69
22	5	4	1	64	2	1	1	0	18	5	1	26	13	22	17
27	12	128	1	1	2	2	136	0	1	0	22	49	11	43	22
34	34	6	2	70	3	9	0	5	122	9	9	36	12	57	33
>EVX1_MOUSE.H10MO.C
111	60	416	21	33	29	478	10	89	133	38	75	115
3	20	21	2	3	31	9	64	9	31	253	191	102
32	400	4	20	18	91	12	17	263	269	90	50	67
354	20	59	457	446	349	1	409	139	67	119	184	216
>EVX2_MOUSE.H10MO.C
70	10	6	9	499	2	26	207	11	108	42	70
81	2	1	8	0	37	1	2	382	203	150	129
92	4	1	11	1	1	263	286	45	27	110	71
257	484	492	472	0	460	210	5	62	162	198	230
>FEV_MOUSE.H10MO.C
2	9	0	0	13	12	7	0	5	5
9	3	0	0	0	0	0	0	0	4
1	1	13	13	0	0	6	0	4	2
1	0	0	0	0	1	0	13	4	2
>FLI1_MOUSE.H10MO.A
59	100	106	203	11	97	3	2	396	379	54	12	55	90	86
140	132	97	40	337	286	1	1	2	1	7	106	47	67	156
156	140	157	134	49	7	393	396	1	4	335	21	235	217	118
44	27	39	22	2	9	2	0	0	15	3	260	62	25	39
>FOSB_MOUSE.H10MO.C
3	11	0	0	17	1	1	4	19	0
5	1	1	1	0	1	0	15	0	1
8	7	0	17	1	15	0	0	0	14
4	1	19	2	2	3	19	1	1	5
>FOSL1_MOUSE.H10MO.C
106	193	3	3	486	35	10	14	498	10	140
73	90	1	0	1	465	2	481	1	153	154
156	208	0	482	2	0	0	0	0	117	80
165	9	496	15	11	0	488	5	1	220	126
>FOSL2_MOUSE.H10MO.A
336	331	858	2	2	1658	105	14	36	1783	41
362	351	318	2	15	72	0	1	1748	1	584
755	821	558	19	1751	3	1680	4	0	0	359
332	282	51	1762	17	52	0	1766	1	1	801
>FOS_MOUSE.H10MO.A
286	285	287	3	23	1866	0	46	77	700	231	166
620	337	996	232	374	27	688	0	627	73	704	788
303	515	444	12	1456	13	11	43	1236	1125	257	298
747	819	229	1709	103	50	1257	1867	16	58	764	704
>FOXA1_MOUSE.H10MO.B
18	186	1	1	5	428	11	253	58	359	112
2	5	10	5	1	9	732	117	323	10	132
3	695	3	18	70	424	3	3	56	36	422
868	5	877	867	815	30	145	518	454	486	225
>FOXA2_MOUSE.H10MO.B
117	4	165	0	2	0	428	0	203	29	244	94
102	1	3	3	0	0	4	425	54	143	5	48
71	4	326	0	22	119	53	0	1	31	29	243
210	491	6	497	476	381	15	75	242	297	222	115
>FOXA3_MOUSE.H10MO.C
8	1	9	0	0	0	10	0	4	3	8	1	4
6	1	0	0	0	0	0	14	5	5	0	8	9
1	1	14	0	0	4	13	0	0	1	2	8	2
8	20	0	23	23	19	0	9	14	14	13	6	8
>FOXC1_MOUSE.H10MO.C
4	9	7	0	0	1	1	0	25	0	6	0	17	12	1
12	2	4	0	0	0	0	0	0	19	3	5	0	5	7
4	9	2	0	26	0	0	1	0	0	0	0	0	7	15
6	6	13	26	0	25	25	25	1	7	17	21	9	2	3
>FOXC2_MOUSE.H10MO.D
1	1	0	0	1	0	0	1	2	0	1	0	5	0	2
0	1	1	0	0	0	0	0	0	2	2	3	0	1	1
3	0	0	0	4	0	0	1	0	3	0	0	0	4	1
1	3	4	5	0	5	5	3	3	0	2	2	0	0	1
>FOXD1_MOUSE.H10MO.D
3	8	8	1	1	1	0	0	20	0	7	5	9	9	6
12	2	4	1	5	1	0	0	0	19	5	2	5	5	5
3	2	2	2	15	1	1	1	1	2	2	0	2	5	11
4	10	8	18	1	19	21	21	1	1	8	15	6	3	0
>FOXD3_MOUSE.H10MO.D
6	8	0	0	3	17	0	2	2
3	1	0	0	0	0	6	0	12
3	66	0	0	15	45	0	1	0
63	0	75	75	57	13	69	72	61
>FOXF1_MOUSE.H10MO.D
3	0	1	0	0	0	5	0	1	2	3
2	0	0	0	0	0	1	1	1	1	1
1	0	7	0	0	0	2	0	1	0	0
2	8	0	8	8	8	0	7	5	5	4
>FOXF2_MOUSE.H10MO.D
1	4	0	3	3	20	0	7	1	13	7
0	0	0	0	0	0	20	7	1	0	0
0	21	1	0	1	6	1	2	0	1	9
25	1	25	23	22	0	5	10	24	12	10
>FOXI1_MOUSE.H10MO.B
24	21	5	0	0	156	0	0	0	0	7	0
72	4	68	4	16	0	0	0	0	0	74	77
14	11	38	0	140	0	0	0	155	156	0	3
46	120	45	152	0	0	156	156	1	0	75	76
>FOXJ2_MOUSE.H10MO.C
0	13	0	0	0	22	0	5	0	19
1	0	0	0	0	0	8	9	1	4
0	26	1	0	0	19	0	0	10	5
40	2	40	41	41	0	33	27	30	13
>FOXJ3_MOUSE.H10MO.A
122	0	52	1	0	6	512	0	71	28	33	4	225
92	0	0	0	0	0	0	45	0	0	0	6	44
103	0	572	0	0	110	23	0	269	204	18	11	87
309	626	2	625	626	510	91	581	286	394	575	605	270
>FOXJ3_MOUSE.H10MO.S
77	21	18	0	34	243	219	0	100	0	0	0	396
61	0	0	0	0	0	48	0	0	0	0	0	64
75	240	317	0	71	71	0	0	513	0	0	8	72
400	352	278	613	508	299	346	613	0	613	613	605	81
>FOXM1_MOUSE.H10MO.D
2	0	3	2	6	0	0	2	4	0	0	4	1
3	2	0	1	0	2	1	1	1	0	1	2	6
4	2	1	9	0	4	0	10	1	1	2	1	1
4	9	9	1	7	7	12	0	7	12	10	6	5
>FOXO1_MOUSE.H10MO.C
18	16	4	4	0	4	1	1	0	28	1	16	16	12	10	9
7	5	18	9	1	0	0	0	0	2	25	8	6	11	3	8
19	20	14	3	0	54	0	0	4	4	17	11	5	11	13	9
14	17	22	42	57	0	57	57	54	24	15	23	31	24	32	32
>FOXO3_MOUSE.H10MO.B
10	21	2	5	3	11	0	0	1	35	3	23	12
5	2	25	11	0	0	2	1	1	7	35	24	6
22	30	7	12	0	52	0	0	0	0	10	5	15
26	10	29	35	60	0	61	62	61	21	15	11	30
>FOXO4_MOUSE.H10MO.C
1	0	0	0	0	0	20	1	0
3	0	0	0	0	0	0	10	3
3	0	28	0	0	4	1	5	10
21	28	0	28	28	24	7	12	15
>FOXP2_MOUSE.H10MO.A
302	35	246	5	0	6	1479	307	603
652	22	5	55	2	33	306	1336	368
378	22	1743	4	133	267	97	26	356
665	1918	3	1933	1862	1691	115	328	670
>FOXP3_MOUSE.H10MO.D
6	8	0	0	0	0	3	1	2
0	0	0	2	0	0	0	0	0
1	0	0	3	1	8	2	1	0
2	1	9	4	8	1	4	7	7
>FOXQ1_MOUSE.H10MO.C
4	9	1	0	0	0	0	0	13	0	2	0
4	1	2	0	0	0	0	0	0	0	0	4
1	3	0	0	13	0	0	0	0	1	3	0
4	0	10	13	0	13	13	13	0	12	8	9
>FUBP1_MOUSE.H10MO.D
0	0	0	0	29	13	8	2	6	7	11	10
17	49	0	0	19	22	8	9	9	11	13	9
3	2	100	3	31	11	26	9	9	19	18	12
82	51	2	99	23	56	60	82	78	65	60	71
>GABP1_MOUSE.H10MO.C
6	9	1	0	35	34	8	4	6	13
21	27	0	0	0	0	0	4	5	9
8	0	35	36	1	0	28	8	19	12
1	0	0	0	0	2	0	20	6	2
>GABPA_MOUSE.H10MO.A
615	996	1107	144	363	0	0	2748	2727	202	173	398	764
697	805	508	2086	2369	0	0	2	1	29	521	424	675
1261	694	1030	518	17	2750	2750	0	1	2519	106	1706	1067
177	255	105	2	1	0	0	0	21	0	1950	222	244
>GATA1_MOUSE.H10MO.A
145	58	369	0	500	0	479	436	72	187	157
83	239	11	1	0	0	1	11	74	102	119
184	150	1	499	0	1	1	50	314	184	154
88	53	119	0	0	499	19	3	40	27	70
>GATA2_MOUSE.H10MO.A
161	74	327	3	498	1	481	426	54	204	183
71	207	11	1	0	3	5	7	130	95	99
199	167	6	495	1	5	3	51	289	169	125
69	52	156	1	1	491	11	16	27	32	93
>GATA3_MOUSE.H10MO.C
20	61	0	89	0	78	45	26
28	7	0	0	0	0	2	21
32	2	89	0	0	1	31	34
9	19	0	0	89	10	11	8
>GATA4_MOUSE.H10MO.B
44	18	64	2	105	2	99	66	33
17	42	4	0	2	0	0	8	36
27	36	6	105	0	2	1	23	29
19	11	33	0	0	103	7	10	9
>GATA5_MOUSE.H10MO.D
4	5	9	4	7	0	13	0	9	9	1	2	2	6	5	5	3
1	4	2	2	0	0	0	0	0	0	6	3	4	1	0	4	2
1	3	1	4	2	13	0	0	0	2	3	2	2	4	7	1	4
7	1	1	3	4	0	0	13	4	2	3	6	5	2	1	3	4
>GATA6_MOUSE.H10MO.B
30	57	1	112	1	80	74
27	12	0	1	0	0	12
27	8	113	0	1	1	17
30	37	0	1	112	33	11
>GCM1_MOUSE.H10MO.D
4	5	3	10	0	0	2	0	0	0	1	5	1	1
4	1	4	2	0	0	8	1	0	0	4	3	4	2
1	1	3	0	0	12	0	7	12	12	1	2	3	4
3	5	2	0	12	0	2	4	0	0	6	2	4	5
>GCR_MOUSE.H10MO.C
1130	2413	521	2816	3848	241	3339	792	1520	1224	1299	461	589	813	408	1057	1372	1130
904	44	81	284	50	2963	114	485	779	1300	580	246	346	1213	2749	1403	428	567
1807	1641	3467	822	111	832	367	1594	801	1230	366	3070	958	907	559	508	1375	1699
281	24	53	200	113	86	302	1251	1022	368	1877	345	2229	1189	406	1154	947	726
>GCR_MOUSE.H10MO.S
2883	122	3014	3942	124	3932	692
9	13	160	26	3567	46	333
1252	4054	784	177	526	199	2082
82	37	268	81	9	49	1119
>GFI1B_MOUSE.H10MO.C
73	28	169	3	242	0	368	1	3	34	107
35	408	61	167	8	0	34	7	12	49	155
341	30	10	315	16	500	95	12	2	122	179
51	34	260	15	234	0	3	480	483	295	59
>GFI1_MOUSE.H10MO.C
44	12	61	8	36	0	150	0	0	15
10	102	15	43	3	0	0	0	0	18
88	21	11	84	12	150	0	0	0	29
8	15	63	15	99	0	0	150	150	88
>GLI1_MOUSE.H10MO.C
1	0	0	0	1	3	0	1	1	0	3
13	0	0	0	0	1	0	0	2	27	10
10	0	27	29	30	3	30	27	2	3	5
7	31	4	2	0	24	1	3	26	1	13
>GLI2_MOUSE.H10MO.B
105	0	0	1	0	0	0	0	0	0	74
163	0	0	0	0	0	0	0	0	931	344
574	0	931	786	931	0	931	931	0	0	87
89	931	0	144	0	931	0	0	931	0	426
>GLI3_MOUSE.H10MO.B
2	0	0	0	0	0	0	0	1	1	2
5	1	0	1	0	0	0	0	0	10	5
4	0	14	13	15	0	15	13	1	1	3
4	14	1	1	0	15	0	2	13	3	5
>GLIS3_MOUSE.H10MO.D
2	1	4	0	1	2	0	2	1	16
7	15	0	0	1	0	0	1	9	16
28	4	32	30	36	29	38	32	0	4
1	18	2	8	0	7	0	3	28	2
>HAND1_MOUSE.H10MO.D
4	1	10	0	0	0	0	0	9	13	5	4
1	9	0	2	25	0	0	2	11	1	3	5
17	9	15	1	1	0	26	23	1	2	4	4
4	7	1	23	0	26	0	1	5	10	14	13
>HBP1_MOUSE.H10MO.D
3	0	1	0	5	0	0	0	5
1	3	2	3	0	0	0	1	0
1	0	0	1	0	0	0	4	0
0	2	2	1	0	5	5	0	0
>HEN1_MOUSE.H10MO.C
7	6	2	5	7	27	7	3	53	0	0	3	0	1	3	0	1	5	6	7
13	5	2	0	7	25	8	50	1	4	55	0	0	49	1	12	49	39	23	22
16	35	42	47	25	3	24	2	1	48	0	0	54	3	45	16	3	4	6	4
19	9	9	3	16	0	16	0	0	3	0	52	1	2	6	27	2	7	20	22
>HES1_MOUSE.H10MO.D
9	12	2	7	0	27	4	0	13	2	10	5	10
10	13	5	12	28	0	20	3	9	0	13	16	12
6	1	19	7	0	0	4	20	3	25	5	3	4
3	2	2	2	0	1	0	5	3	1	0	4	2
>HESX1_MOUSE.H10MO.D
4	0	0	1	0	1	1	4	3	2	0	3	3	2	3	1
2	2	4	4	0	0	7	1	5	1	1	0	1	4	3	1
1	3	4	0	8	6	0	0	0	4	0	4	4	1	1	1
1	3	0	3	0	1	0	3	0	1	7	1	0	1	1	5
>HEY2_MOUSE.H10MO.D
0	0	0	0	1	0	4	0	0	0	0	1	1	3	0	0	3
0	2	2	2	0	7	0	7	1	1	0	2	6	2	2	2	2
7	4	3	5	7	0	1	1	7	0	8	5	1	1	1	3	2
1	2	3	1	0	1	3	0	0	7	0	0	0	2	5	3	1
>HIC1_MOUSE.H10MO.C
8	1	0	1	0	1	1	0	8
4	4	0	0	0	0	38	39	23
20	29	36	14	0	38	0	0	4
7	5	3	24	39	0	0	0	4
>HIF1A_MOUSE.H10MO.A
49	55	68	38	423	0	0	0	0	104	68	31
151	178	182	99	1	498	1	0	0	295	132	154
253	173	232	107	73	0	497	0	499	52	232	195
46	93	17	255	2	1	1	499	0	48	67	119
>HINFP_MOUSE.H10MO.C
14	14	2	8	10	20	7	3	0	2	41	0	0	1	8	16
3	16	17	15	10	13	5	39	0	1	1	40	3	0	1	11
16	6	20	7	3	7	24	0	42	39	0	2	36	0	5	11
9	6	3	12	19	2	6	0	0	0	0	0	3	41	28	4
>HLF_MOUSE.H10MO.C
7	19	0	1	19	0	2	0	35	34	1	14	5
6	3	0	2	2	16	0	6	0	0	20	14	13
15	10	0	6	14	3	33	0	0	0	0	4	13
7	3	35	26	0	16	0	29	0	1	14	3	4
>HLTF_MOUSE.H10MO.D
2	7	3	0	1	3	2	0	0	6	9	4
2	0	2	0	0	7	1	1	6	4	0	4
3	3	3	6	6	0	0	9	4	0	0	1
3	0	2	4	3	0	7	0	0	0	1	1
>HMGA1_MOUSE.H10MO.D
25	30	79	0	2	23	19
17	8	4	0	1	6	11
33	0	0	0	0	9	11
19	56	11	94	91	56	53
>HMGA2_MOUSE.H10MO.D
72	54	12	44	39	13	0	2	0	2	71	59	2	59	2
1	0	0	0	2	21	41	25	37	32	0	1	1	0	1
1	0	0	0	1	9	30	46	33	40	3	0	0	1	1
1	21	63	31	33	32	4	2	5	1	1	15	72	15	71
>HNF1A_MOUSE.H10MO.A
60	16	2	16	169	130	16	70	97	11	11	97	87	33	62
6	2	15	3	3	18	2	39	5	4	30	11	49	99	64
84	151	2	0	1	6	1	34	10	7	2	33	14	5	26
24	5	155	155	1	20	155	31	62	152	131	33	24	37	22
>HNF1B_MOUSE.H10MO.B
17	9	1	0	53	45	8	23	28	9	3	32	45	7
3	3	12	10	0	3	0	2	3	0	6	7	3	38
29	36	0	1	1	8	2	31	9	4	1	8	2	5
8	9	44	46	3	1	47	1	17	44	47	10	7	7
>HNF4A_MOUSE.H10MO.A
773	121	365	191	110	1706	1418	1538	14	130	91	83	1366
127	54	112	682	1572	35	45	4	23	45	841	1585	116
753	1562	852	505	46	31	380	294	1788	655	202	44	197
208	124	532	483	133	89	18	25	36	1031	727	149	182
>HNF4G_MOUSE.H10MO.C
0	0	1	0	5	5	7	0	0	1	0	7
2	0	4	7	1	1	0	0	1	4	7	0
5	5	2	0	1	1	0	7	1	1	0	0
0	2	0	0	0	0	0	0	5	1	0	0
>HNF6_MOUSE.H10MO.C
8	7	2	24	0	0	0	23	0	2	5	8	6	7
2	4	4	0	0	1	0	0	7	1	3	3	2	5
4	0	1	0	0	3	24	1	0	2	0	2	7	3
10	13	17	0	24	20	0	0	17	19	16	11	9	9
>HSF1_MOUSE.H10MO.A
900	146	1751	1698	609	594	291	282	163	209	1286	118	1544	1566
247	68	100	157	446	480	203	222	1619	670	189	68	224	100
721	1805	72	144	530	707	256	224	223	353	505	1847	187	292
213	62	158	82	496	300	1331	1353	76	849	101	48	126	123
>HSF2_MOUSE.H10MO.A
355	70	780	720	126	317	100	67	46	71	605	18	754	573
272	87	71	64	240	198	38	51	827	143	185	124	64	169
321	797	122	115	291	432	82	96	125	168	182	842	119	144
92	86	67	141	383	93	820	826	42	658	68	56	103	154
>HTF4_MOUSE.H10MO.C
180	137	124	328	293	0	500	0	12	1	0
90	68	165	35	10	499	0	1	419	0	2
166	261	172	136	197	0	0	499	67	0	498
64	34	39	1	0	1	0	0	2	499	0
>HXA10_MOUSE.H10MO.C
2	5	0	4	5	1	0	1	10	0	1	4
1	2	3	1	1	0	0	0	0	0	0	2
4	2	1	4	3	0	0	0	0	0	8	1
3	1	6	1	1	9	10	9	0	10	1	3
>HXA13_MOUSE.H10MO.C
3	6	0	5	1	4	17	0	2	0	2
3	1	0	0	0	0	0	3	1	1	3
9	6	3	2	0	0	0	0	4	13	11
2	4	14	10	16	13	0	14	10	3	1
>HXA1_MOUSE.H10MO.C
2	0	1	8	0	0	0	7	0	1
1	0	0	0	0	0	0	1	0	1
1	3	7	0	0	6	8	0	0	5
4	5	0	0	8	2	0	0	8	1
>HXA5_MOUSE.H10MO.D
5	0	15	52	0	0	43	34	3	13
17	13	9	0	0	0	0	3	8	4
3	1	25	0	0	0	6	13	1	30
27	38	3	0	52	52	3	2	40	5
>HXA7_MOUSE.H10MO.D
6	10	4	3	8	14	3	10	0	15	0	1	4	4	7
5	5	1	13	3	3	3	6	1	2	2	0	3	3	5
6	1	0	1	5	0	3	0	16	2	4	1	12	10	4
2	3	14	2	3	2	10	3	2	0	13	17	0	2	3
>HXA9_MOUSE.H10MO.D
1	1	26	2	24	1	2	0	1	10	23	2	6	16
0	0	1	26	4	4	4	0	1	0	2	12	0	3
0	28	1	0	1	21	7	1	1	2	0	1	17	10
28	0	1	1	0	3	16	28	26	17	4	14	6	0
>HXB1_MOUSE.H10MO.D
5	0	15	0	0	0	15	0	0	1
0	0	0	0	0	0	0	0	3	1
1	15	0	0	9	15	0	0	12	13
9	0	0	15	6	0	0	15	0	0
>HXB6_MOUSE.H10MO.D
3	3	0	1	7	0	0	1	6	0	0	3	3
1	1	1	0	0	0	0	0	0	0	0	4	2
2	0	0	6	0	0	0	3	1	0	6	0	1
1	3	6	0	0	7	7	3	0	7	1	0	1
>HXB7_MOUSE.H10MO.C
8	0	2	28	0	0	13	27	0	3
1	0	0	0	0	0	0	1	2	2
1	0	26	0	0	0	9	0	0	14
18	28	0	0	28	28	6	0	26	9
>HXB8_MOUSE.H10MO.C
5	0	2	26	0	0	14	26	1	3	8
0	1	0	0	0	0	0	0	0	2	9
0	0	24	0	0	0	7	0	0	13	6
21	25	0	0	26	26	5	0	25	8	3
>HXC6_MOUSE.H10MO.D
5	0	0	7	0	0	0	7	0	0	5	0	1	0	0
0	0	0	0	0	0	0	0	0	0	1	5	0	0	0
1	0	7	0	0	0	1	0	0	1	0	1	0	0	1
1	7	0	0	7	7	6	0	7	6	1	1	6	7	6
>HXC8_MOUSE.H10MO.D
1	0	0	1	8	2	2	4	9	1	2	2	1	2
3	0	1	3	0	0	0	0	0	1	0	4	4	3
1	2	0	5	0	0	0	4	0	1	4	3	3	2
4	7	8	0	1	7	7	1	0	6	3	0	1	2
>HXD10_MOUSE.H10MO.D
1	2	1	1	1	0	4	4	0	0
1	0	3	0	2	0	0	0	0	0
0	5	1	0	0	0	1	2	0	2
5	0	2	6	4	7	2	1	7	5
>HXD13_MOUSE.H10MO.D
3	0	1	10	1	1	8	0	6	0	8
2	0	0	1	3	0	2	1	0	0	2
2	1	2	0	0	3	2	8	6	11	1
6	12	10	2	9	9	1	4	1	2	2
>HXD4_MOUSE.H10MO.D
1	0	6	7	0	0	1	3
0	0	1	0	0	0	1	1
2	0	1	1	0	0	4	1
5	8	0	0	8	8	2	3
>HXD9_MOUSE.H10MO.D
5	3	2	1	0	2	6	0	0	2
1	0	1	0	0	1	0	0	0	1
0	3	0	0	0	1	0	0	3	2
0	0	3	5	6	2	0	6	3	1
>IKZF1_MOUSE.H10MO.C
3	3	3	1	0	51	19	25
17	5	0	2	1	0	2	2
14	0	57	57	59	9	32	22
26	52	0	0	0	0	7	11
>INSM1_MOUSE.H10MO.C
2	0	0	8	23	0	0	0	0	0	1	15
0	0	4	15	0	0	0	0	0	1	22	0
5	18	3	0	0	24	24	24	24	22	1	9
17	6	17	1	1	0	0	0	0	1	0	0
>IRF1_MOUSE.H10MO.C
41	107	128	130	22	21	4	128	128	130	12	15
7	3	0	0	37	33	2	0	2	0	46	38
79	18	1	0	61	5	124	2	0	0	54	11
3	2	1	0	10	71	0	0	0	0	18	66
>IRF2_MOUSE.H10MO.C
11	20	73	78	83	17	4	4	82	82	81	5	6	29
23	3	2	0	0	10	31	0	0	1	1	28	33	15
34	59	7	1	0	53	3	79	1	0	0	45	13	27
15	1	1	4	0	3	45	0	0	0	1	5	31	12
>IRF3_MOUSE.H10MO.C
6	10	39	43	40	7	6	4	43	43	42	9	1	13	19	22	22
6	2	1	0	0	11	16	1	0	0	2	21	15	3	7	4	7
29	30	4	0	2	25	9	38	1	0	0	11	12	20	15	13	7
3	2	0	1	2	1	13	1	0	1	0	3	16	8	3	5	8
>IRF4_MOUSE.H10MO.C
812	1115	1128	1041	783	1147	412	906	1778	1778	665	444	305	1587	1258	1578
338	127	103	38	200	103	2	2	5	1	612	169	87	44	35	90
420	246	320	395	667	346	1355	873	0	2	505	169	1362	123	488	114
213	295	232	309	133	187	14	2	0	2	1	1001	29	29	2	1
>IRF5_MOUSE.H10MO.D
1	4	5	5	0	1	3	5	5	2	0	1	4	5	5	3	0	2	0	3
0	0	0	0	0	0	0	0	0	0	5	2	0	0	0	0	2	0	0	1
2	1	0	0	4	4	2	0	0	3	0	1	1	0	0	0	3	0	4	1
2	0	0	0	1	0	0	0	0	0	0	1	0	0	0	2	0	3	1	0
>IRF7_MOUSE.H10MO.C
9	36	40	36	4	1	10	37	32	27
3	4	0	1	14	16	2	0	8	0
26	0	0	0	17	6	27	1	0	3
2	0	0	3	5	17	1	2	0	10
>IRF8_MOUSE.H10MO.D
6	17	5	20	36	34	10	4	0	35	33	32	6	2	13
6	4	2	1	0	1	14	4	2	0	2	0	13	13	5
19	13	28	16	1	1	13	4	34	2	2	3	13	4	15
6	3	2	0	0	1	0	25	1	0	0	2	5	18	4
>IRF9_MOUSE.H10MO.C
1	5	5	5	0	1	0	5	5	5	0	0
0	0	0	0	1	3	0	0	0	0	3	0
4	0	0	0	3	0	4	0	0	0	0	1
0	0	0	0	1	1	1	0	0	0	2	4
>ISL1_MOUSE.H10MO.D
0	0	1	13	13	0	5
6	5	0	0	0	0	0
7	2	0	0	0	0	8
0	6	12	0	0	13	0
>ITF2_MOUSE.H10MO.B
151	0	454	0	0	0	0	11	169
155	454	0	0	0	0	0	299	37
147	0	0	454	454	1	454	1	157
1	0	0	0	0	453	0	143	91
>JUNB_MOUSE.H10MO.B
14	20	1	1	49	1	1	3	59	5
8	17	1	1	2	0	0	54	0	11
21	16	0	49	1	49	2	1	0	20
16	6	57	8	7	9	56	1	0	23
>JUND_MOUSE.H10MO.A
880	1930	52	15	3761	407	99	139	3904	138	828
765	775	3	68	103	0	30	3796	19	1256	1649
1600	1031	63	3760	20	3581	31	33	31	549	622
743	252	3870	145	104	0	3828	20	34	2045	889
>JUN_MOUSE.H10MO.A
866	59	70	1975	299	50	71	2187	101
575	58	67	128	1	20	2123	18	817
520	97	1940	24	1925	16	23	8	438
265	2012	149	99	1	2140	9	13	870
>KAISO_MOUSE.H10MO.B
258	5	295	25	4	1247	621	12	1794	823	361	732
900	1	1059	38	1995	4	0	7	214	111	242	379
212	20	564	1947	10	759	1347	1777	1	690	834	358
640	1984	92	0	1	0	42	214	1	386	573	541
>KLF15_MOUSE.H10MO.D
5	0	3	1	0	0	0	9	0	3	1	1	0	1	1	1	0
0	5	5	0	1	2	3	0	0	0	0	1	1	2	0	5	5
6	5	1	5	8	9	8	2	10	5	3	6	10	7	8	5	5
0	1	2	5	2	0	0	0	1	3	7	3	0	1	2	0	1
>KLF1_MOUSE.H10MO.C
2	6	1	0	0	0	0	1	1	0	2
5	0	1	0	0	0	0	1	0	1	7
2	2	9	11	11	0	11	4	10	10	1
2	3	0	0	0	11	0	5	0	0	1
>KLF3_MOUSE.H10MO.D
3	3	0	1	3	1	0	0	0	1	0	1	0	2	2
2	1	6	3	0	0	0	0	0	0	0	2	1	4	0
0	4	1	1	1	7	7	8	0	7	3	5	6	1	0
3	0	1	3	4	0	1	0	8	0	5	0	1	1	6
>KLF4_MOUSE.H10MO.C
202	5	1	1	8	0	5	59	11	14	51	55
7	0	1	1	223	1	7	5	13	319	254	183
80	495	498	496	4	499	222	410	433	34	72	168
211	0	0	2	265	0	266	26	43	133	123	94
>KLF6_MOUSE.H10MO.D
2	2	0	0	2	2	0	0
2	0	1	0	2	9	0	1
6	9	9	11	7	0	6	10
1	0	1	0	0	0	5	0
>KLF8_MOUSE.H10MO.C
0	3	0	0	0	0	0	0	0
4	2	0	0	0	0	0	1	1
0	0	4	3	5	3	5	0	4
1	0	1	2	0	2	0	4	0
>LEF1_MOUSE.H10MO.C
1	1	0	0	0	35	24
64	1	0	0	0	4	3
2	0	0	0	67	0	2
0	65	67	67	0	28	38
>LHX2_MOUSE.H10MO.D
1	3	1	2	1	1	0	7	7	0	2	5	1
3	1	3	0	0	0	3	0	0	0	0	0	1
1	2	2	2	0	2	0	0	0	0	1	2	4
2	1	1	3	6	4	4	0	0	7	4	0	1
>LHX3_MOUSE.H10MO.C
39	38	57	42	1	0	72	71	0	2	67	33	12
6	3	7	2	1	0	0	0	0	1	0	7	19
13	15	7	11	2	1	0	1	0	1	2	24	11
14	16	1	17	68	71	0	0	72	68	3	8	30
>MAFA_MOUSE.H10MO.D
3	3	1	0	2	0	19	4	0	9	5	1	2	18	7	2	7	4	3	3	7
10	0	1	27	0	3	3	16	10	12	10	4	17	2	4	15	11	4	9	18	9
9	8	21	0	0	24	1	4	10	1	3	18	2	2	13	2	0	3	2	2	8
5	16	4	0	25	0	4	3	7	5	9	4	6	5	3	8	9	16	13	4	3
>MAFB_MOUSE.H10MO.D
15	1	11	1	0	41	3	11	7
2	0	31	0	4	3	31	5	13
2	45	4	0	39	0	7	16	19
28	1	1	46	4	3	6	15	8
>MAFG_MOUSE.H10MO.D
36	4	0	0	67	1	12
15	0	0	67	0	12	11
5	63	0	0	0	3	25
11	0	67	0	0	51	19
>MAFK_MOUSE.H10MO.A
181	214	270	224	111	16	2	11	6	0	436	9	30	56	385	25	12	277
66	37	14	29	125	22	0	430	0	0	1	193	16	346	2	17	379	37
109	88	32	28	81	4	441	2	1	436	2	221	8	10	34	321	40	34
87	104	127	162	126	401	0	0	436	7	4	20	389	31	22	80	12	95
>MAFK_MOUSE.H10MO.S
2	0	0	0	1	15	0	0	0	16
3	0	16	3	0	0	3	0	16	0
0	16	0	0	14	0	13	0	0	0
11	0	0	13	1	1	0	16	0	0
>MAF_MOUSE.H10MO.B
12	4	1	3	3	2	55	6
9	6	3	56	2	0	0	39
15	4	59	3	0	60	4	10
27	49	0	1	58	1	4	8
>MAX_MOUSE.H10MO.A
105	209	68	7	410	3	53	8	1	71	53
116	137	183	427	6	417	2	55	2	69	291
185	53	168	4	7	6	381	3	435	245	39
32	39	19	0	15	12	2	372	0	53	55
>MAZ_MOUSE.H10MO.D
7	3	7	3	7	9	7	5	0	22	0	0	8	15	7	1	4
5	4	1	3	5	0	7	1	2	1	1	2	3	1	1	2	5
13	22	20	24	13	18	17	24	29	5	30	27	20	12	19	27	20
6	2	3	1	6	4	0	1	0	3	0	2	0	3	4	1	2
>MBD2_MOUSE.H10MO.B
17	7	0	1	0	0	0	0	59	12	36
44	43	28	0	111	111	0	0	39	12	14
44	51	83	57	0	0	111	111	12	65	53
6	10	0	53	0	0	0	0	1	22	8
>MCR_MOUSE.H10MO.D
2	5	1	3	3	0	4	1	1	1	0	1	3	2	0	1	3
2	0	0	0	3	5	0	1	1	1	1	0	0	0	2	0	1
1	0	6	2	1	1	0	4	4	0	2	6	0	2	5	2	2
2	2	0	2	0	1	3	1	1	5	4	0	4	3	0	4	1
>MECP2_MOUSE.H10MO.C
4	0	0	0	0	68	52
70	119	119	0	0	1	1
42	0	0	119	119	50	66
3	0	0	0	0	0	0
>MEF2A_MOUSE.H10MO.B
49	42	19	1	1	138	9	33	26	77	8	139	17	52
16	10	9	105	1	2	3	0	1	0	1	0	1	65
53	44	55	10	1	1	0	0	0	0	0	4	119	11
25	47	60	27	140	2	131	110	116	66	134	0	6	15
>MEF2C_MOUSE.H10MO.B
173	103	20	0	571	259	503	511	570	0	571	3	215
38	18	549	0	0	0	0	0	0	0	0	1	177
95	199	0	0	0	0	0	0	0	0	0	567	67
265	251	2	571	0	312	68	60	1	571	0	0	112
>MEF2D_MOUSE.H10MO.C
2	0	0	10	0	2	1	4	1	10	1	3
1	9	0	0	1	0	0	0	0	0	0	4
6	1	0	1	0	0	0	0	0	1	7	3
2	1	11	0	10	9	10	7	10	0	3	1
>MEIS1_MOUSE.H10MO.C
0	1	36	1	36	0	3	0	0	12	24	11	9
0	0	0	36	1	6	11	1	3	3	8	12	4
0	38	1	0	1	31	10	0	9	1	4	4	21
39	0	2	2	1	2	15	38	27	23	3	12	5
>MEIS2_MOUSE.H10MO.B
92	0	0	402	0	461	10	40	1	5	10	24	209
62	0	0	1	461	0	57	190	7	5	9	257	156
55	0	461	0	0	0	365	123	0	313	70	79	50
252	461	0	58	0	0	29	108	453	138	372	101	46
>MITF_MOUSE.H10MO.C
21	15	0	67	5	1	0	0	31	1
11	13	68	0	9	4	0	0	22	21
27	11	0	1	8	63	1	68	9	21
9	29	0	0	46	0	67	0	6	25
>MLXPL_MOUSE.H10MO.D
1	1	9	0	1	1	0	4	2	6	4	2	1	1	0	1	0	0	1
2	9	0	4	1	0	0	3	7	3	5	6	4	3	7	0	0	1	2
6	0	0	1	8	3	10	3	0	1	0	0	4	3	2	9	0	9	4
1	0	1	5	0	6	0	0	1	0	1	2	1	3	1	0	10	0	3
>MSX2_MOUSE.H10MO.D
0	10	10	0	2	2	2
0	0	0	0	0	2	1
1	1	1	0	0	4	3
10	0	0	11	9	3	5
>MSX3_MOUSE.H10MO.D
128	2642	2672	2	1	323	206	821	849	355	353	12	2596	2663	4	11	644
126	6	1	1	63	8	790	191	226	326	260	5	0	1	5	9	325
122	18	1	9	15	2281	1344	134	148	382	171	0	49	1	5	102	1357
2299	9	1	2663	2596	63	335	1529	1452	1612	1891	2658	30	10	2661	2553	349
>MTF1_MOUSE.H10MO.C
15	5	3	8	8	3	0	3	0	0	0	0	35	19	21	14	4
12	2	1	6	18	29	0	1	1	11	0	34	0	4	10	4	15
4	28	13	20	2	1	35	5	34	0	35	0	0	6	2	10	11
4	0	18	1	7	2	0	26	0	24	0	1	0	6	2	7	5
>MXI1_MOUSE.H10MO.C
115	2	482	11	86	33	4	31	60	100	17	59	70	82	89
151	484	1	445	33	47	0	86	195	120	116	196	153	109	154
197	13	15	33	376	22	493	297	186	142	283	160	181	225	207
37	1	2	11	5	398	3	86	59	138	84	85	96	84	50
>MYBB_MOUSE.H10MO.D
1	3	1	6	2	0	1	0	3	5
1	2	5	3	1	0	0	0	1	0
1	4	3	0	4	8	1	0	4	1
6	0	0	0	2	1	7	9	1	3
>MYB_MOUSE.H10MO.C
113	98	92	117	11	306	0	0	1	172	113
80	74	4	9	484	101	0	3	1	1	110
229	102	304	278	4	40	499	0	1	255	232
78	226	100	96	1	53	1	497	497	72	45
>MYCN_MOUSE.H10MO.B
107	22	327	0	32	0	0	79
264	446	1	468	5	1	1	181
87	0	104	0	430	0	466	189
10	0	36	0	1	467	1	19
>MYC_MOUSE.H10MO.A
122	87	219	281	79	7	476	6	200	27	1	24
67	187	67	62	170	484	1	464	1	12	2	50
245	144	146	118	232	7	17	22	292	1	488	340
66	82	68	39	19	2	6	8	7	460	9	86
>MYF6_MOUSE.H10MO.C
1	0	7	0	0	0	0
1	7	0	0	4	0	0
5	0	0	7	3	0	7
0	0	0	0	0	7	0
>MYOD1_MOUSE.H10MO.C
62	3	494	2	1	0	0	1	3	68	35	83	52	53	32
142	497	1	102	496	1	4	193	239	218	298	153	133	204	292
252	0	1	391	0	0	496	22	41	136	57	61	237	118	83
44	0	4	5	3	499	0	284	217	78	110	203	78	125	93
>MYOG_MOUSE.H10MO.C
182	113	119	326	262	0	497	2	1	1	0
80	113	150	8	4	500	0	3	472	0	0
187	255	175	165	231	0	0	494	21	1	500
51	19	56	1	3	0	3	1	6	498	0
>NANOG_MOUSE.H10MO.A
40	21	32	211	4	37	59	161	121	366	42	17	17	271	354	436	105
105	268	264	18	22	9	136	4	105	29	6	6	267	53	8	25	47
132	85	15	14	21	15	267	12	109	25	20	355	70	21	85	17	76
223	126	189	257	453	439	38	323	165	80	432	122	146	155	53	22	272
>NANOG_MOUSE.H10MO.S
0	0	0	5	5	0	0	0
0	0	0	0	0	0	0	1
2	0	1	0	0	0	5	3
3	5	4	0	0	5	0	1
>NDF1_MOUSE.H10MO.C
105	179	239	61	473	4	339	8	11	6	45
79	12	70	403	1	4	117	0	2	5	216
122	255	165	7	0	396	15	7	464	403	59
171	31	3	6	3	73	6	462	0	63	157
>NF2L1_MOUSE.H10MO.C
35	86	3	9	111	3	27
33	7	1	0	1	80	9
25	18	2	100	0	5	28
19	1	106	3	0	24	48
>NF2L2_MOUSE.H10MO.D
22	40	6	2	84	6	23	20	66	4	5	71
35	13	1	8	1	62	10	56	5	4	78	10
23	37	8	78	1	11	6	5	17	83	3	6
12	2	77	4	6	13	53	11	4	1	6	5
>NFAC1_MOUSE.H10MO.A
168	342	435	94	0	0	709	710	517	340	136	68
289	173	36	101	0	0	0	0	53	46	28	142
124	89	137	15	710	710	1	0	15	70	19	58
129	106	102	500	0	0	0	0	125	254	527	442
>NFAC1_MOUSE.H10MO.S
89	0	0	420	425	282	138	6	5	10	63	230	64
104	0	0	4	0	27	23	0	55	359	314	3	56
62	425	425	1	0	1	67	4	6	0	40	79	37
170	0	0	0	0	115	197	415	359	56	8	113	268
>NFAC2_MOUSE.H10MO.B
22	0	0	86	84	82	68	26	14
5	0	0	0	0	1	6	11	20
12	86	86	0	2	3	5	9	15
47	0	0	0	0	0	7	40	37
>NFAC3_MOUSE.H10MO.B
2	0	0	17	16	18	14	6	2
2	0	0	0	0	0	3	7	6
1	18	18	1	2	0	1	1	1
13	0	0	0	0	0	0	4	9
>NFAC4_MOUSE.H10MO.C
8	0	0	19	19	19	12	4	3	6
3	0	0	0	0	0	3	5	3	0
4	18	19	0	0	0	3	2	4	4
4	1	0	0	0	0	1	8	9	9
>NFAT5_MOUSE.H10MO.D
1	0	0	0	8	6	8	7	2	1	2	0	4	1	1
2	3	0	0	0	0	0	0	2	2	4	8	3	0	1
5	0	8	8	0	2	0	1	2	0	0	0	0	2	3
0	5	0	0	0	0	0	0	2	5	2	0	1	5	3
>NFE2_MOUSE.H10MO.A
573	270	360	879	39	10	1339	84	169	101	1143	75	29	1008
281	426	509	50	8	92	13	1108	53	1166	81	10	1228	72
398	587	393	436	80	1321	27	210	58	95	106	1294	39	144
181	150	171	68	1306	10	54	31	1153	71	103	54	137	209
>NFIA_MOUSE.H10MO.C
34	8	11	15	26	97	50	86	54	70	18	14	13	182	102
50	7	2	7	168	58	76	0	51	30	16	189	195	15	21
25	16	204	199	27	29	49	147	80	25	171	15	13	16	83
124	202	16	12	12	49	58	0	48	108	28	15	12	20	27
>NFIA_MOUSE.H10MO.S
66	15	2	3	8	14	118
104	46	1	1	3	235	34
43	2	14	255	253	12	37
52	202	248	6	1	4	76
>NFIL3_MOUSE.H10MO.C
14	3	1	50	0	8	0	51	50	1	7	8	21	8
10	0	0	0	21	0	2	0	0	16	8	18	19	10
24	1	5	0	2	43	0	0	0	11	21	9	7	13
3	47	45	1	28	0	49	0	1	23	15	16	4	20
>NFKB1_MOUSE.H10MO.B
27	3	2	70	142	171	24	4	7	2	12
26	3	4	2	8	5	5	106	168	174	152
94	173	169	110	32	6	59	2	2	1	8
35	3	7	0	0	0	94	70	5	5	10
>NFKB2_MOUSE.H10MO.D
0	4	10	8	2	1	1	0	1	2	2
2	0	0	0	1	4	4	10	10	9	1
7	7	0	1	0	3	0	1	0	0	1
2	0	1	2	8	3	6	0	0	0	7
>NFYA_MOUSE.H10MO.D
31	20	21	9	14	399	8	2	9	3	37	20	195	124	47	187	49	45	42	34	38
130	73	335	89	299	47	21	7	30	13	307	272	77	33	90	68	114	106	76	108	289
39	77	69	26	145	4	41	29	259	268	22	22	171	98	233	124	82	95	111	115	69
282	312	57	358	24	32	412	444	184	198	116	168	39	227	112	103	237	236	253	225	86
>NFYA_MOUSE.H10MO.S
193	91	91	20	65	1278	4	12	1	4	89	51	359
528	244	837	402	388	11	6	4	4	17	665	512	270
86	439	230	70	743	8	6	6	1295	1287	73	114	555
502	535	151	817	113	12	1293	1287	9	1	482	632	125
>NFYB_MOUSE.H10MO.A
145	660	340	2	2	1140	1135	5	60	742	140	514	358
531	46	54	1140	1138	7	9	5	656	53	194	338	122
184	412	653	5	7	0	3	7	384	340	755	233	510
288	30	101	1	1	1	1	1131	48	13	59	63	158
>NFYC_MOUSE.H10MO.B
3	17	6	0	0	24	25	1	1	17	2	7	5	4
12	1	3	24	26	1	1	1	13	3	7	11	5	10
3	6	15	1	0	0	0	2	8	4	15	7	12	8
8	2	2	1	0	1	0	22	4	2	2	1	4	4
>NKX21_MOUSE.H10MO.D
9	10	0	58	85	1	12	14	5	17
40	20	53	5	0	0	3	0	45	24
23	3	19	20	0	84	32	59	16	11
13	52	13	2	0	0	38	12	19	33
>NKX22_MOUSE.H10MO.D
2	6	0	24	24	0	1	9	0	3	2	7
3	0	8	0	0	0	0	1	8	1	0	3
8	2	3	0	0	24	0	14	11	1	2	6
11	16	13	0	0	0	23	0	5	19	20	8
>NKX25_MOUSE.H10MO.C
7	3	58	54	0	2	5
4	26	0	1	1	0	0
10	9	1	2	51	1	53
38	21	0	2	7	56	1
>NKX28_MOUSE.H10MO.C
1	0	0	6	6	0	0	4	1
1	0	5	0	0	0	0	0	3
1	0	1	0	0	6	4	2	1
3	6	0	0	0	0	2	0	1
>NKX31_MOUSE.H10MO.C
24	22	2	42	39	4	0	36	8	23	9	20	18
1	4	3	1	2	1	0	2	7	2	8	2	6
2	2	0	0	0	33	0	5	2	4	6	8	4
16	15	38	0	2	5	43	0	26	14	20	13	15
>NKX32_MOUSE.H10MO.C
8	5	1	4	15	20	0	0	1	1	8
4	1	6	2	0	0	0	0	0	3	5
4	10	3	3	3	0	20	0	19	14	7
4	4	10	11	2	0	0	20	0	2	0
>NOBOX_MOUSE.H10MO.C
19	0	64	64	2	2	24	13	5
22	0	0	2	2	0	0	20	18
3	0	0	0	2	7	42	29	11
22	66	2	0	60	57	0	4	32
>NR0B1_MOUSE.H10MO.D
0	3	1	1	0	0	2	7	2	5
2	6	0	0	0	2	0	1	3	0
6	0	8	3	9	7	6	1	4	4
1	0	0	5	0	0	1	0	0	0
>NR1D1_MOUSE.H10MO.D
223	196	127	179	114	208	174	186	343	6	11	28	0	491	95	176	99	82	104
97	28	57	32	171	155	149	94	0	0	2	87	479	2	129	44	31	50	101
145	212	284	167	153	90	120	99	154	477	407	116	13	0	251	134	284	247	208
35	64	32	122	62	47	57	121	3	17	80	269	8	7	25	146	86	121	87
>NR1H2_MOUSE.H10MO.D
1	13	13	15	0	0	0	0	19	19	19	0	0	0	0	19	15	0	0
1	4	0	0	0	0	0	19	0	0	0	0	0	0	19	0	0	12	1
1	0	4	4	19	18	0	0	0	0	0	19	19	0	0	0	2	5	12
16	2	2	0	0	1	19	0	0	0	0	0	0	19	0	0	2	2	6
>NR1H4_MOUSE.H10MO.C
22	21	0	1	1	1	44	17	2	10	27	3	1	4
2	1	1	0	3	37	0	9	6	1	6	38	40	5
17	23	43	39	1	6	1	9	7	33	4	1	1	5
4	0	1	5	40	1	0	10	30	1	8	3	3	31
>NR1I2_MOUSE.H10MO.C
9	9	12	8	2	0	0	20	17	9	9	17	27	0	0	3	0	26	4
4	2	4	0	6	1	17	9	3	6	7	2	0	0	2	2	22	1	7
6	11	12	19	16	2	2	0	5	8	7	10	2	29	9	1	4	2	10
10	7	1	2	5	26	10	0	4	6	6	0	0	0	18	23	3	0	8
>NR1I2_MOUSE.H10MO.S
21	34	0	5	0	0	44	5
3	0	0	0	1	42	0	15
15	11	45	9	0	3	1	11
6	0	0	31	44	0	0	14
>NR1I3_MOUSE.H10MO.C
9	13	5	0	0	0	26	9	7	11	16	25	1	0	5	0	20	5
0	2	0	4	0	23	2	5	5	6	2	0	0	2	3	20	2	4
14	13	21	20	1	2	0	10	11	7	9	3	27	6	0	2	4	10
5	0	2	4	27	3	0	4	5	4	1	0	0	20	20	6	2	9
>NR1I3_MOUSE.H10MO.S
17	24	0	0	0	0	33	2
1	0	0	0	0	30	0	10
11	9	33	13	0	2	0	11
4	0	0	20	33	1	0	10
>NR2C1_MOUSE.H10MO.C
4	1	2	5	12	4	17	0	0	0	0	17	2
2	6	10	8	0	3	0	0	0	0	18	0	5
11	8	1	4	6	10	1	18	14	0	0	0	6
1	3	5	1	0	1	0	0	4	18	0	1	5
>NR2C2_MOUSE.H10MO.A
986	408	200	209	254	1669	1168	1764	99	62	128	290	1631
174	89	246	214	1324	105	122	8	27	83	220	1481	67
798	1414	1442	461	335	265	743	219	1829	1676	443	207	252
100	147	170	1174	145	19	25	67	103	237	1267	80	108
>NR2E3_MOUSE.H10MO.C
11	18	18	2	2	2	21	18	22	19	6	1	3	17
4	2	1	2	0	20	0	3	0	0	2	2	16	3
4	2	3	16	2	1	1	2	0	3	13	5	2	2
4	1	1	3	19	0	1	0	1	1	2	15	2	1
>NR2F6_MOUSE.H10MO.D
5	2	1	5	2	11	10	8	0	2	2	2	10	3	2	2	3	6
1	0	3	0	8	0	0	0	0	1	2	7	0	3	3	0	1	2
3	9	7	2	1	0	1	3	11	3	2	2	1	2	2	4	5	3
2	0	0	4	0	0	0	0	0	5	5	0	0	3	4	5	2	0
>NR4A1_MOUSE.H10MO.C
9	21	20	0	1	1	0	20	4
5	0	0	0	0	3	20	0	9
7	0	0	21	20	0	0	0	6
0	0	1	0	0	17	1	1	2
>NR4A2_MOUSE.H10MO.C
22	28	31	0	1	1	0	33	6
2	0	1	0	1	5	30	0	14
7	3	1	31	30	0	0	0	10
2	2	0	2	1	27	3	0	3
>NR4A3_MOUSE.H10MO.D
1	4	5	5	0	0	0	0	5	0
4	1	0	0	0	0	0	4	0	2
0	0	0	0	5	5	0	1	0	3
0	0	0	0	0	0	5	0	0	0
>NR5A2_MOUSE.H10MO.A
52	30	1	490	485	13	2	38	11	381	101
131	176	472	4	1	0	0	181	401	20	150
112	13	22	1	11	487	498	23	9	51	160
205	281	5	5	3	0	0	258	79	48	89
>NR6A1_MOUSE.H10MO.B
39	47	2	0	0	1	49	44	0	1	2	2	43
3	1	0	2	1	49	1	2	1	0	5	43	2
5	1	47	19	0	0	0	1	45	30	2	0	2
3	1	1	29	49	0	0	3	4	19	41	5	3
>NRF1_MOUSE.H10MO.A
182	43	2	153	72	255	883	36	33	66	110	59
989	300	158	1535	42	1505	527	89	181	1560	160	1225
391	152	1588	117	1672	35	233	75	1613	71	1341	96
278	1345	92	35	54	45	197	1640	13	143	229	460
>OLIG2_MOUSE.H10MO.B
171	121	49	447	6	89	23	1	10	53	86	90	54	151	141	25	104	111	63	51
98	280	448	0	5	394	11	0	195	111	126	155	307	182	30	164	275	88	39	151
177	96	2	12	337	15	4	482	143	81	139	144	77	40	217	204	80	65	292	209
54	3	1	41	152	2	462	17	152	255	149	111	62	127	112	107	41	236	106	89
>ONEC2_MOUSE.H10MO.D
2	1	1	2	1	1	3	0	7	0	0	1	7	0	0	2	2	2	0	0	2
0	0	3	1	1	1	0	1	0	0	1	0	0	2	0	1	0	0	3	3	1
3	2	2	1	1	3	0	1	0	0	2	6	0	0	0	0	0	1	0	0	0
2	4	1	3	4	2	4	5	0	7	4	0	0	5	7	4	5	4	4	4	4
>OTX1_MOUSE.H10MO.D
4	1	0	5	0	0	8	2
2	0	0	3	0	0	0	2
1	6	8	0	0	0	0	3
1	1	0	0	8	8	0	1
>OTX2_MOUSE.H10MO.C
4	8	6	14	11	7	2	3	24	0	1	25	12	12	4
3	5	2	7	4	6	4	0	1	0	0	0	2	4	4
10	3	8	4	3	10	18	22	0	0	0	0	9	6	9
8	9	9	0	7	2	1	0	0	25	24	0	2	3	8
>OVOL1_MOUSE.H10MO.C
0	1	0	7	6	1	1	1	2
1	0	0	0	1	6	0	0	0
2	6	1	0	0	0	2	6	0
4	0	6	0	0	0	4	0	5
>P53_MOUSE.H10MO.C
508	281	859	9	1394	325	5	50	93	154	269	354	601	59	1216	256	128	185	239	234
52	38	23	1564	18	10	2	785	1306	857	225	70	49	1444	91	93	92	305	647	527
921	1187	710	34	47	79	1601	32	66	44	954	1039	885	92	73	132	1336	88	170	276
128	103	17	2	150	1195	1	742	144	554	161	146	74	14	229	1128	53	1031	553	572
>P63_MOUSE.H10MO.D
4	10	11	0	11	3	1	0	0	1	3
1	1	0	22	1	0	0	2	18	8	8
13	10	10	0	2	0	21	3	1	0	8
4	1	1	0	8	19	0	17	3	13	3
>P73_MOUSE.H10MO.D
2	2	1	6	1	15	4	0	0	0	1	2
2	1	0	0	14	0	1	1	7	8	5	3
7	10	11	9	0	0	5	14	0	1	3	6
4	2	3	0	0	0	5	0	8	6	6	4
>PAX2_MOUSE.H10MO.D
12	17	3	9	27	10	0	4	41	8	11	13	10	3	4	39	3	26
9	14	8	23	8	9	8	29	2	13	3	26	5	12	5	0	31	2
20	3	13	9	10	22	1	15	7	5	29	6	25	0	41	2	0	7
9	16	26	9	5	9	41	2	0	24	7	5	10	35	0	9	16	15
>PAX2_MOUSE.H10MO.S
8	22	29	0	0	52	7
20	36	4	4	0	1	44
29	0	25	0	58	2	1
1	0	0	54	0	3	6
>PAX5_MOUSE.H10MO.D
1084	1337	1184	1040	155	295	2924	683	23	601	2524	2093	2	162	1321	458	1297	2257	713
1000	265	203	686	891	3024	380	1254	1617	1439	18	77	862	2960	199	172	183	235	2787
1489	1178	2476	1356	1999	121	291	1674	410	1744	1313	993	3075	245	2219	1171	2458	1174	354
366	1159	76	857	894	499	344	328	1889	155	84	776	0	572	200	2138	1	273	85
>PAX5_MOUSE.H10MO.S
782	512	22	0	0	3143	597	427
327	632	2958	0	0	13	35	783
2021	2012	21	131	3156	0	2524	1369
26	0	155	3025	0	0	0	577
>PAX6_MOUSE.H10MO.D
4	9	151	74	5	11	30	5	61	146	120
26	89	0	11	36	124	4	3	1	3	22
6	63	13	16	123	8	131	23	92	7	10
129	4	1	64	1	22	0	134	11	9	13
>PAX8_MOUSE.H10MO.D
4	3	9	30	5	3	3	17	16	1	5	14	0	13
8	8	14	3	17	6	16	3	12	8	20	4	4	2
15	4	12	2	0	2	17	14	5	25	0	19	17	16
10	22	2	2	15	26	1	3	4	3	12	0	16	6
>PBX1_MOUSE.H10MO.B
57	65	43	39	22	5	123	21	5	10	124	7	20	37	22
20	22	24	10	2	2	7	7	8	2	2	13	19	12	30
29	31	17	8	11	134	12	0	22	127	13	4	71	51	58
39	27	61	88	110	4	3	117	110	6	6	121	35	45	35
>PBX2_MOUSE.H10MO.C
1	8	10	10	1	1	1	15	0	2	0	13	5	3	3
3	2	4	3	1	1	0	0	3	0	0	1	2	0	4
7	7	4	1	6	0	15	3	0	0	15	2	0	8	8
8	2	1	5	11	17	3	1	16	17	4	3	12	8	4
>PBX3_MOUSE.H10MO.A
202	136	114	115	11	1802	0	1	0	690	241	336	333	425
701	406	721	330	395	0	58	1	2	1	953	293	174	331
315	513	331	41	1339	9	154	14	1826	1155	46	358	957	791
628	791	680	1360	101	35	1634	1830	18	0	606	859	382	299
>PDX1_MOUSE.H10MO.C
27	4	1	52	79	0	0	79	12
11	20	4	21	0	0	0	0	8
30	54	1	6	0	0	0	0	55
11	1	73	0	0	79	79	0	4
>PEBB_MOUSE.H10MO.C
1	1	1	0	0	2	1	0	1	9	1
6	10	0	3	6	0	0	0	10	1	7
4	3	1	19	0	21	22	5	1	4	8
12	9	21	1	17	0	0	18	11	9	7
>PIT1_MOUSE.H10MO.C
3	9	15	25	3	1	22	35	10	33	10	20	6
17	5	17	4	0	0	6	0	0	1	0	0	12
5	2	5	0	0	37	5	0	2	1	0	6	5
13	22	1	9	35	0	5	3	26	3	28	12	15
>PITX2_MOUSE.H10MO.D
1	2	2	0	14	0	0	12	7	6
4	1	0	0	3	0	0	1	5	3
3	8	14	17	0	0	1	0	4	3
9	6	1	0	0	17	16	4	1	5
>PKNX1_MOUSE.H10MO.D
4	3	3	0	0	0	9	0	2	0	7	1	2
2	1	3	2	0	0	0	4	1	0	2	2	0
3	4	2	2	0	9	0	0	1	8	0	1	4
0	1	1	5	9	0	0	5	5	1	0	5	3
>PLAG1_MOUSE.H10MO.D
6	5	10	0	0	1	13	5	5	11	8	4	17	2	1	0	2
1	0	0	0	8	14	9	8	8	2	6	2	4	0	0	0	1
15	20	15	25	17	7	2	3	6	5	11	12	3	20	24	25	17
3	0	0	0	0	3	1	9	6	7	0	7	1	3	0	0	5
>PLAG1_MOUSE.H10MO.S
17	7	9	6	2	4	0	0	1	6	1	3	12
1	5	1	0	2	0	0	0	14	9	10	6	6
5	12	8	16	20	21	25	25	10	1	7	5	4
2	1	7	3	1	0	0	0	0	9	7	11	3
>PO2F1_MOUSE.H10MO.B
63	188	10	7	23	165	176	184	31
41	5	6	3	141	8	2	3	10
26	12	13	182	16	1	16	14	29
80	5	181	18	30	36	16	9	140
>PO2F2_MOUSE.H10MO.B
177	1201	0	0	0	1201	1036	1201	91
196	0	0	0	1161	0	0	0	57
35	0	0	1046	0	0	0	0	4
793	0	1201	155	40	0	165	0	1049
>PO3F1_MOUSE.H10MO.C
5	9	1	1	1	6	9	14	1	1	1	9	8	6
5	0	0	0	5	0	0	0	0	1	12	0	1	2
4	4	1	6	7	0	1	0	1	12	2	3	2	3
1	2	13	8	2	9	5	1	13	1	0	3	4	4
>PO3F2_MOUSE.H10MO.D
35	27	25	61	1	1	11	56	13	13
15	1	0	1	1	1	22	0	5	6
4	2	8	0	1	13	0	3	10	33
11	35	32	3	62	50	32	6	37	13
>PO4F2_MOUSE.H10MO.D
2	14	0	0	27	27	0	0	22	0	3	4	3
8	4	5	0	0	0	0	0	0	3	12	5	2
1	6	0	0	0	0	0	20	3	18	2	4	11
16	3	22	27	0	0	27	7	2	6	10	14	11
>PO5F1_MOUSE.H10MO.A
173	125	548	8	46	167	387	282	1165	34	7	10	1046	841	1095	181
608	759	79	87	36	292	65	325	21	3	43	1011	12	79	85	124
197	79	43	39	109	773	66	144	17	8	1189	102	22	273	84	154
342	357	650	1186	1129	88	802	569	117	1275	81	197	240	127	56	861
>PO6F1_MOUSE.H10MO.D
2	13	0	12	14	5	0	0	13	0	0	0	7
7	1	0	0	0	0	2	0	0	0	0	12	2
3	0	0	0	0	0	0	0	0	0	14	0	5
2	0	14	2	0	9	12	14	1	14	0	2	0
>PPARA_MOUSE.H10MO.C
63	8	9	16	9	97	59	87	3	5	8	1	77
5	0	3	20	78	5	11	4	0	2	5	86	4
36	99	91	19	12	6	30	15	108	96	11	12	16
7	4	8	56	12	3	11	5	0	8	87	12	14
>PPARA_MOUSE.H10MO.S
55	91	0	0	3	1	100
11	2	0	2	4	112	0
31	20	114	105	4	0	7
17	1	0	7	103	1	7
>PPARD_MOUSE.H10MO.D
2	13	0	1	6	3	14	10	16	0	1	3	2	13
7	0	1	1	4	7	3	4	0	0	0	1	13	0
2	4	17	14	4	4	0	3	1	17	16	1	1	4
7	1	0	2	4	4	1	1	1	1	1	13	2	1
>PPARG_MOUSE.H10MO.A
289	289	57	78	215	67	58	80	40	473	294	423	79	27	21	40	355
70	19	186	65	12	1	11	73	279	10	18	4	3	3	55	254	41
53	47	188	52	243	364	405	193	116	6	172	68	400	416	140	91	52
88	145	69	305	30	68	26	154	65	11	16	5	18	54	284	115	52
>PPARG_MOUSE.H10MO.S
348	595	440	850	29	10	24	21	933
412	115	40	1	0	2	53	813	15
100	264	139	145	964	937	162	132	18
138	24	379	2	5	49	759	32	32
>PRD14_MOUSE.H10MO.D
182	42	91	17	490	43	311	52	284	113	7	89
33	116	29	12	1	24	6	23	137	318	382	177
194	318	38	10	7	432	168	403	11	34	45	32
91	24	342	461	2	1	15	22	68	35	66	202
>PRDM1_MOUSE.H10MO.A
334	749	881	1014	7	30	10	1020	1007	1013	4	37	316	393
64	27	64	5	2	66	3	4	4	7	25	56	51	276
556	210	61	6	1004	271	1008	1	14	4	922	207	555	210
72	40	20	1	13	659	5	1	1	2	75	726	104	147
>PRGR_MOUSE.H10MO.C
12	0	17	21	1	21	5	3	2	6	0	0	10
0	1	0	0	23	2	5	9	12	0	0	4	6
9	24	8	0	1	1	8	3	5	0	21	4	0
4	0	0	4	0	1	7	10	6	19	4	17	9
>PRGR_MOUSE.H10MO.S
26	0	27	38	1	33	6
0	1	0	0	37	0	7
7	35	9	0	0	0	14
5	2	2	0	0	5	11
>PROP1_MOUSE.H10MO.D
2	7	0	3	7	7	2	0	6	8	2	6	2	4	3
2	0	3	2	1	0	0	1	1	1	2	0	0	2	1
4	0	6	1	0	1	1	0	1	0	1	0	0	3	3
1	2	0	3	1	1	6	8	1	0	4	3	7	0	2
>PRRX1_MOUSE.H10MO.D
0	4	4	0	1	0	1
0	0	0	2	3	1	0
0	0	0	0	0	0	3
4	0	0	2	0	3	0
>PRRX2_MOUSE.H10MO.C
10	0	59	58	1	0	27
18	0	0	0	1	3	1
5	0	0	1	0	3	29
26	59	0	0	57	53	2
>PTF1A_MOUSE.H10MO.C
2	4	2	0	6	7	9	3	4	1	4	6	1	8	0	2	2	0	2	0	3
5	0	1	2	0	1	0	3	2	4	3	2	9	0	3	5	0	0	4	5	4
1	4	7	8	4	2	0	2	1	4	1	2	0	0	5	3	0	10	0	5	1
2	2	0	0	0	0	1	2	3	1	2	0	0	2	2	0	8	0	4	0	2
>PURA_MOUSE.H10MO.D
2	2	7	6	1	1	0	1	3	2	0	1	2	6	1	4	0
1	1	0	2	0	2	2	0	2	0	0	3	9	3	0	0	1
9	10	2	4	7	6	8	10	4	8	11	8	2	4	7	9	10
1	0	4	1	5	4	3	2	4	3	2	1	0	0	5	0	2
>RARA_MOUSE.H10MO.C
67	0	6	6	1	106	27	21	34	54	30	72	9	12	17	12	88
2	0	4	1	88	0	37	46	23	12	30	16	14	7	13	84	10
47	119	77	10	22	13	26	40	48	39	52	22	93	73	18	16	14
5	2	34	104	10	2	31	14	16	16	9	11	5	29	73	9	9
>RARA_MOUSE.H10MO.S
11	58	0	0	0	0	58
20	0	0	0	0	58	0
22	0	58	58	0	0	0
5	0	0	0	58	0	0
>RARB_MOUSE.H10MO.D
4	17	0	0	0	0	21	5	7	7	5
7	0	0	0	0	21	0	4	4	5	7
9	4	21	20	0	0	0	8	8	9	7
1	0	0	1	21	0	0	4	2	0	2
>RARG_MOUSE.H10MO.C
5	5	8	0	1	5	3	13	5	4	6	12	9	20	0	0	4	2	23	7
3	4	1	1	5	2	12	3	8	15	7	3	6	0	0	0	0	20	1	8
12	11	11	18	10	5	5	7	8	3	7	6	9	3	24	17	0	2	0	8
4	4	4	5	8	12	4	1	3	2	4	3	0	1	0	7	20	0	0	1
>RARG_MOUSE.H10MO.S
9	23	0	0	0	0	27
4	0	0	0	0	29	2
15	6	29	21	0	0	0
1	0	0	8	29	0	0
>RELB_MOUSE.H10MO.C
8	4	2	5	10	13	1	1	1	4	6	9
4	2	1	0	0	12	0	0	4	18	20	11
13	21	25	23	18	0	3	4	0	5	2	3
3	1	0	0	0	3	24	23	23	1	0	5
>REL_MOUSE.H10MO.C
19	2	0	1	25	23	23	2	0	2	0	24
7	11	2	2	4	22	4	0	7	55	67	28
23	39	71	64	41	16	2	0	2	1	0	14
25	22	1	7	4	13	45	72	65	16	7	8
>REST_MOUSE.H10MO.A
26	48	267	39	54	334	57	23	238	47	22	16	323	21	407	11	80	140	107	75	83
132	314	38	66	244	24	322	299	55	116	10	11	73	333	8	7	290	2	250	312	216
55	42	73	305	113	24	33	43	71	35	395	404	20	72	13	410	19	142	56	12	38
218	27	53	21	20	49	19	66	67	233	4	0	15	5	3	3	42	147	18	32	94
>RFX1_MOUSE.H10MO.C
33	50	31	43	25	63	3	1	10	15	2	0	338	74	21	41	104	185	285	33	67	70
171	209	196	183	272	156	4	49	86	6	410	361	29	30	2	30	185	44	96	326	140	130
187	122	147	171	112	158	447	1	4	411	1	5	44	142	432	377	98	193	57	56	215	228
66	76	83	60	48	80	3	406	357	25	44	91	46	211	2	9	70	35	19	42	35	29
>RFX2_MOUSE.H10MO.C
3	0	1	0	0	0	0	7	2	0	0	9	8
2	1	0	0	1	13	5	4	0	1	6	0	2
4	12	0	1	11	0	1	1	9	12	6	4	3
4	0	12	12	1	0	7	1	2	0	1	0	0
>RFX3_MOUSE.H10MO.B
74	0	0	46	218	0	0	654	4	69	44	79	384	364
199	0	0	6	3	584	517	1	1	0	1	183	1	96
230	655	0	0	400	0	0	0	36	586	610	48	197	96
152	0	655	603	34	71	138	0	614	0	0	345	73	99
>RORA_MOUSE.H10MO.B
52	52	104	67	9	10	91	0	0	0	0	114
9	2	2	0	46	4	0	0	0	0	113	0
24	12	4	0	34	6	23	114	114	0	0	0
29	48	4	47	25	94	0	0	0	114	1	0
>RORG_MOUSE.H10MO.C
2	4	7	4	1	1	4	0	0	0	0	7	1
1	0	0	0	1	1	0	0	0	0	6	0	1
2	0	0	1	5	0	3	7	7	0	0	0	5
2	3	0	2	0	5	0	0	0	7	1	0	0
>RREB1_MOUSE.H10MO.D
7	2	0	2	2	4	0	0	0	0	0	0	1	2	0	2	0	0	2	0	0	4
3	4	7	0	3	1	1	4	1	1	3	0	0	3	1	1	1	2	0	1	0	4
10	11	16	15	12	11	20	13	17	23	15	2	24	12	6	4	8	24	17	22	17	5
6	9	3	9	9	10	5	9	8	2	8	24	1	9	19	19	17	0	7	3	9	13
>RUNX1_MOUSE.H10MO.B
24	12	7	3	1	1	1	3	16	39
10	31	1	3	19	0	0	1	19	11
12	12	0	78	3	85	85	7	8	12
40	31	78	2	63	0	0	75	43	24
>RUNX2_MOUSE.H10MO.B
11	7	0	5	0	0	1	5	21	12	6
25	3	5	9	0	0	6	9	8	15	9
13	3	67	1	73	72	8	12	19	31	24
24	60	1	58	0	1	58	47	25	15	34
>RUNX3_MOUSE.H10MO.B
22	5	2	1	6	17	11	8	1	2	0	0	1	28
43	16	37	6	6	5	17	2	1	84	0	0	4	34
76	150	122	144	103	18	14	3	214	10	218	217	9	35
77	47	57	67	103	178	176	205	2	122	0	1	204	121
>RXRA_MOUSE.H10MO.C
213	139	105	171	44	91	232	170	183	387	39	23	13	19	461	419	45	25	49	41	370	68
42	18	50	66	92	235	113	70	36	6	8	23	28	424	25	7	20	29	120	349	33	75
174	264	289	170	120	64	90	171	248	90	438	155	18	27	5	64	427	423	57	59	48	219
70	78	55	92	243	109	64	88	32	16	14	298	440	29	8	9	7	22	273	50	48	137
>RXRB_MOUSE.H10MO.C
4	3	22	1	0	1	0	25	2	10
2	10	2	0	2	0	23	1	13	4
4	13	2	23	22	1	2	0	8	8
16	0	0	2	2	24	1	0	3	4
>RXRG_MOUSE.H10MO.C
197	385	20	14	22	15	473	403	60	11	71	27	383	58	40	64	54
32	4	10	20	25	455	9	23	2	27	110	370	25	70	223	254	102
249	89	452	184	15	22	12	70	432	446	39	49	53	249	147	75	46
22	22	18	282	438	8	6	4	6	16	280	54	39	123	90	107	298
>SMAD1_MOUSE.H10MO.D
5	0	1	2	1	1	0	0	1	0	1	3
1	6	9	9	1	3	1	10	0	0	8	7
4	6	0	1	0	7	0	2	0	11	1	0
2	0	2	0	10	1	11	0	11	1	2	2
>SMAD2_MOUSE.H10MO.D
2	0	0	0	0	4	0	0	3	1	4
2	2	4	2	18	7	0	1	13	1	4
10	3	14	5	0	0	18	8	2	1	8
4	13	0	11	0	7	0	9	0	15	2
>SMAD3_MOUSE.H10MO.C
13	16	1	0	0	3	8	8	16	7
18	9	7	0	72	2	0	15	40	29
32	7	63	7	0	1	60	32	10	12
10	41	2	66	1	67	5	18	7	25
>SMAD4_MOUSE.H10MO.C
11	0	0	0	0	13	8	20	10
10	6	2	78	0	0	17	44	33
8	71	0	0	0	65	31	9	10
49	1	76	0	78	0	22	5	25
>SMRC1_MOUSE.H10MO.B
556	107	33	1983	272	149	71	1963	129
741	15	26	30	0	57	1976	83	840
618	103	1970	55	1844	196	44	16	525
201	1891	87	48	0	1714	25	54	622
>SNAI1_MOUSE.H10MO.C
1	0	5	0	0	0	0	1
2	5	0	0	0	0	0	1
1	0	0	5	5	0	5	2
1	0	0	0	0	5	0	1
>SNAI2_MOUSE.H10MO.C
1	0	6	0	0	0	0
2	6	0	0	0	0	0
1	0	0	6	6	0	6
2	0	0	0	0	6	0
>SOX10_MOUSE.H10MO.D
2	1	14	1	0	1	5
10	29	3	0	0	0	1
7	0	0	0	0	31	1
13	2	15	31	32	0	25
>SOX13_MOUSE.H10MO.D
1	4	0	0	1	0	0	1
2	0	0	0	0	0	1	2
1	0	0	0	4	0	1	1
1	1	5	5	0	5	3	1
>SOX15_MOUSE.H10MO.D
0	4	0	0	0	0	1
8	1	0	0	0	0	1
0	0	0	0	8	1	0
0	3	8	8	0	7	6
>SOX17_MOUSE.H10MO.D
8	45	37	22	48	42	15	12	15	15	4	57	0	0	0	0	0	9
39	9	18	35	9	0	0	16	18	21	40	0	0	0	0	0	40	23
5	3	0	0	0	3	6	16	6	0	2	0	0	0	57	0	12	16
5	0	2	0	0	12	36	13	18	21	11	0	57	57	0	57	5	9
>SOX18_MOUSE.H10MO.D
1	3	4	2	2	3	5	0	0	0	2	1	1	2	1	1	0	0	1
2	3	0	3	3	4	0	0	0	0	0	2	3	1	3	1	2	5	5
4	0	1	1	2	1	0	0	0	8	0	0	2	0	1	3	1	1	1
1	2	3	2	1	0	3	8	8	0	6	5	2	5	3	3	5	2	1
>SOX2_MOUSE.H10MO.A
50	13	335	2	9	56	59	72	407	16	40	39	421	350	438	158
425	446	3	6	0	67	2	181	103	27	83	399	40	58	64	110
73	15	3	3	4	498	36	72	27	28	402	99	35	132	61	103
86	160	293	623	621	13	537	309	97	563	109	97	138	94	71	263
>SOX3_MOUSE.H10MO.C
28	3	4	135	0	0	4	1	1	26	62
114	343	381	3	12	1	34	1	186	205	178
227	93	0	1	1	0	461	0	129	43	103
131	61	115	361	487	499	1	498	184	226	157
>SOX4_MOUSE.H10MO.C
1	0	0	1	0	0	0	0	0	1	0	2
6	3	7	1	1	1	0	1	1	5	0	4
1	4	0	0	0	0	8	0	0	0	2	1
0	1	1	6	7	7	0	7	7	2	6	1
>SOX5_MOUSE.H10MO.C
9	60	0	1	3	1	4	26
22	0	2	1	2	4	3	11
11	4	5	0	62	0	1	9
27	5	62	67	2	64	61	23
>SOX9_MOUSE.H10MO.B
21	4	6	144	2	1	1	5	11	15	27
60	115	102	0	1	3	0	1	5	88	19
24	17	2	0	2	1	159	0	9	7	19
55	24	50	16	155	155	0	154	135	50	95
>SP1_MOUSE.H10MO.A
532	645	482	762	1050	626	316	476	9	19	536	51	44	482	249	432	279	790	607
554	511	412	587	522	370	64	14	14	34	1900	28	44	147	207	1610	1269	461	660
1559	1380	1742	1304	935	1709	2141	2425	2899	2877	62	2757	2724	2184	2341	561	768	1089	1392
288	397	297	280	426	228	412	18	11	3	435	97	121	120	136	330	617	593	274
>SP1_MOUSE.H10MO.S
683	300	591	7	91	809	121	14	558	264	519
443	104	43	45	19	2247	42	36	90	255	1875
2076	2614	2845	3433	3374	62	3242	3332	2695	2797	655
287	471	10	4	5	371	84	107	146	173	440
>SP2_MOUSE.H10MO.C
7	12	7	2	6	7	0	0	3	2	0	14	11	5	4	20	16
5	4	1	1	4	3	0	4	19	2	4	0	5	14	6	2	5
13	10	17	15	18	21	31	27	9	27	22	15	15	6	6	7	6
6	5	6	13	3	0	0	0	0	0	5	2	0	6	15	2	4
>SP3_MOUSE.H10MO.B
86	73	95	115	71	50	58	1	4	97	18	3	79	40	47	47	107	83	68	76
94	91	91	91	83	31	1	4	8	261	14	6	15	55	230	152	55	70	110	100
174	197	182	161	230	265	354	406	401	21	370	362	298	305	99	131	187	214	189	187
61	54	47	48	31	69	2	4	2	36	13	44	23	15	39	85	66	48	48	52
>SP4_MOUSE.H10MO.D
5	1	6	4	2	1	12	1	0	0	1	2	0	1	1	0	2	0	2	4	0	3	0	5
4	7	0	3	14	16	3	4	2	2	4	7	1	2	5	1	11	1	6	7	8	11	14	5
13	14	13	11	7	5	8	14	17	18	17	14	22	19	16	22	10	20	15	11	15	6	8	11
1	1	4	5	0	1	0	4	4	3	1	0	0	1	1	0	0	2	0	1	0	3	1	2
>SPI1_MOUSE.H10MO.A
263	267	388	389	358	39	307	92	0	488	492	82	13	11	134	195
67	46	18	9	2	24	28	0	0	2	0	48	8	52	172	89
93	143	39	67	38	358	154	400	492	2	0	361	12	428	139	121
69	36	47	27	94	71	3	0	0	0	0	1	459	1	47	87
>SPIB_MOUSE.H10MO.B
38	43	70	76	59	10	41	5	1	82	82	5
16	9	0	0	0	27	25	0	0	0	0	26
17	24	6	0	0	43	14	77	81	0	0	47
11	6	6	6	23	2	2	0	0	0	0	4
>SPZ1_MOUSE.H10MO.D
2	0	2	0	2	1	4	5	7	1	3	0	2	0	0	2
6	2	1	7	0	0	0	0	3	9	6	5	3	2	1	2
2	8	8	3	3	8	0	0	1	1	2	3	1	7	10	5
1	1	0	1	6	2	7	6	0	0	0	3	5	2	0	2
>SRBP1_MOUSE.H10MO.B
428	502	46	143	606	146	84	213	7	1720	74
462	462	121	539	7	591	682	177	52	61	505
989	1168	54	1374	1440	1243	1398	108	2096	113	933
291	38	1949	114	117	190	6	1672	15	276	658
>SRBP2_MOUSE.H10MO.B
610	406	494	350	50	122	411	260	678	59	1638	369	371
578	707	387	114	78	13	517	538	351	184	47	440	491
878	965	1332	144	2129	2202	1149	1515	26	2042	526	865	1055
276	264	129	1734	85	5	265	29	1287	57	131	668	425
>SRF_MOUSE.H10MO.A
1139	301	146	325	36	14	1273	547	1834	323	1726	949	68	43	795
450	267	176	1077	2073	2041	128	58	56	122	65	16	5	73	624
267	64	1237	390	10	5	57	77	62	21	25	60	2082	2039	188
320	1544	617	384	57	116	718	1494	224	1710	360	1151	21	21	569
>SRY_MOUSE.H10MO.B
11	40	8	10	0	6	21	28	37
31	4	1	1	8	0	4	10	26
15	5	4	3	98	4	4	8	3
51	59	95	94	2	98	79	62	42
>STA5A_MOUSE.H10MO.A
200	123	0	17	1	15	0	194	0	470	497	227	129
60	50	2	12	496	188	0	0	1	7	2	75	95
82	95	0	3	0	2	186	288	494	2	0	75	56
158	232	498	468	3	295	314	18	5	21	1	123	220
>STA5B_MOUSE.H10MO.C
188	90	0	26	3	23	0	251	9	448	488
80	85	2	2	494	138	0	4	1	5	2
125	105	2	1	1	5	222	220	486	7	8
107	220	496	471	2	334	278	25	4	40	2
>STAT1_MOUSE.H10MO.A
64	64	27	40	51	273	5	18	4	5	10	102	84	43	15	3	32	54	43
184	104	114	81	285	27	224	8	7	177	381	143	183	41	42	119	301	181	152
121	58	41	50	38	81	224	2	14	12	10	46	88	24	8	7	16	24	86
130	273	317	328	125	118	46	471	474	305	98	208	144	391	434	370	150	240	218
>STAT2_MOUSE.H10MO.B
243	373	1297	114	160	20	19	29	530	258	44	14	111	45	442
199	902	124	711	78	58	236	1672	500	445	64	39	634	1287	844
444	283	336	1163	22	131	37	36	547	562	38	20	28	135	260
1140	468	269	38	1766	1817	1734	289	449	761	1880	1953	1253	559	480
>STAT3_MOUSE.H10MO.B
63	68	43	18	294	10	1	2	47	1	100	124	22	225	416
146	232	117	316	74	161	11	0	337	442	237	13	36	128	29
82	125	57	80	87	67	0	8	2	1	6	347	226	102	17
208	74	282	85	44	261	487	489	113	55	156	15	215	44	37
>STAT4_MOUSE.H10MO.A
50	3	7	31	20	0	162	9	416	466	227
149	2	10	439	341	233	24	21	72	2	72
45	1	36	2	6	0	242	385	1	18	154
256	494	447	28	133	267	72	85	11	14	47
>STAT6_MOUSE.H10MO.C
201	35	4	3	11	30	165	63	307	20	443	461
90	144	24	7	462	325	18	150	17	8	35	15
114	125	11	6	4	1	67	244	112	439	9	24
95	196	461	484	23	144	250	43	64	33	13	0
>STF1_MOUSE.H10MO.B
15	8	109	109	0	0	13	5	85
40	94	0	1	0	1	40	78	10
10	14	10	5	117	116	7	7	15
55	4	1	5	3	3	60	30	10
>SUH_MOUSE.H10MO.C
8	15	3	2	4	3	59	60	33
36	6	2	1	1	1	1	0	18
5	41	1	61	55	61	3	5	2
16	3	59	1	5	0	2	0	12
>TAL1_MOUSE.H10MO.A
58	31	19	49	109	117	142	124	118	184	81	345	0	497	0	486	467	70	171	198
258	107	31	116	95	119	102	110	131	69	208	7	0	0	0	0	2	80	96	116
85	80	301	222	163	148	152	143	133	159	156	1	500	2	3	1	26	324	204	131
99	282	149	113	133	116	104	123	118	88	55	147	0	1	497	13	5	26	29	55
>TAL1_MOUSE.H10MO.S
6	30	27	0	41	0	40	0	0	0	0	5
10	5	8	41	0	0	0	0	0	0	2	24
21	3	6	0	0	41	1	0	41	31	0	5
4	3	0	0	0	0	0	41	0	10	39	7
>TBP_MOUSE.H10MO.C
33	31	9	76	11	94	65	87	41	32	20
16	22	9	5	2	1	1	1	3	11	42
42	46	17	1	9	6	2	9	10	25	29
10	2	66	19	79	0	33	4	47	33	10
>TBX20_MOUSE.H10MO.C
160	134	21	29	9	98	31	4	436	48	460	53	57
84	56	139	44	1	174	7	4	29	406	2	17	162
182	231	306	10	477	103	43	488	28	36	18	386	239
74	79	34	417	13	125	419	4	7	10	20	44	42
>TBX2_MOUSE.H10MO.D
2	1	2	3	4	3	0	4	1	7	1	1	1	0	2	0	7	4	4	3	1	1	0	4	2
2	1	4	3	2	1	7	2	2	0	0	0	0	0	0	1	1	0	2	2	0	4	3	3	3
1	4	2	1	0	1	0	0	3	0	7	7	0	7	0	7	0	4	2	0	5	1	4	1	1
3	2	0	1	2	3	1	2	2	1	0	0	7	1	6	0	0	0	0	3	2	2	1	0	2
>TBX3_MOUSE.H10MO.D
5	2	0	3	4	0	4	2	5	3	1	0	8	0	1	0	0	4	0	6	6	4	4	5
1	0	1	0	0	2	2	3	1	3	2	2	0	0	0	0	3	0	0	2	0	1	2	1
1	5	4	1	2	6	2	3	1	1	0	1	0	8	7	0	5	0	4	0	2	3	0	1
1	1	3	4	2	0	0	0	1	1	5	5	0	0	0	8	0	4	4	0	0	0	2	1
>TBX5_MOUSE.H10MO.D
32	9	0	0	0	6	1	28
1	2	0	1	0	1	9	2
2	26	37	0	37	7	24	3
2	0	0	36	0	23	3	4
>TCF7_MOUSE.H10MO.C
9	0	9	7	1	15	16	15	0	1	4	3
2	5	0	1	13	0	0	1	2	8	3	6
3	9	2	1	1	0	0	0	13	5	6	3
2	2	5	7	1	1	0	0	1	2	3	4
>TEAD1_MOUSE.H10MO.D
2	21	6	27	0	5	1	2	14	1	10	4	2	8
14	2	19	0	0	1	21	23	0	11	12	3	14	10
6	6	0	3	0	1	2	2	1	17	3	12	8	3
8	1	5	0	30	23	6	3	15	1	5	11	6	9
>TEAD3_MOUSE.H10MO.D
2	10	4	11	0	3	0	0	4	2	2	2	1	1	5
3	2	3	0	0	0	5	7	0	0	8	3	4	4	2
5	0	0	1	1	0	2	0	0	10	0	1	3	1	2
2	0	5	0	11	9	5	5	8	0	2	6	4	6	3
>TEAD4_MOUSE.H10MO.D
11	10	7	11	8	0	11	1	1	0	1	2
0	0	1	0	3	4	0	0	9	5	9	1
0	1	0	0	0	0	0	6	0	1	0	0
0	0	3	0	0	7	0	4	1	5	1	8
>TEF_MOUSE.H10MO.D
1	2	3	0	3	13	1	4	0	9	10	6	1	3
2	0	1	0	1	0	4	0	1	3	0	4	3	0
1	11	3	0	3	1	0	9	2	1	2	3	2	6
10	1	7	14	7	0	9	1	11	1	2	1	8	5
>TF2L1_MOUSE.H10MO.C
150	275	211	1	63	170	0	101	46	147	82	373	235	0	43	160	0	100	55	69
55	25	16	442	265	1	18	129	193	11	52	14	1	455	276	5	9	132	146	117
205	124	145	23	0	274	449	26	42	95	330	62	150	11	1	279	457	23	44	80
57	43	95	1	139	22	0	211	186	214	3	18	81	1	147	23	1	212	222	201
>TF65_MOUSE.H10MO.C
64	81	324	327	203	49	11	20	13	197	142	147	203	59	34	103	62	115	139	278	312	61
13	4	22	73	25	43	123	451	458	234	109	71	126	65	39	67	261	123	192	179	60	138
391	367	141	78	24	76	27	5	0	14	121	133	116	24	123	173	88	136	37	28	58	108
32	48	13	22	248	332	339	24	29	55	128	149	55	352	304	157	89	126	132	15	70	193
>TF65_MOUSE.H10MO.S
124	24	6	1281	1042	0	10	17	41	60	568
228	1	14	19	588	44	89	518	2005	1992	995
1457	2039	2049	770	268	28	62	33	8	10	289
310	55	50	49	221	2047	1958	1551	65	57	267
>TF7L2_MOUSE.H10MO.A
122	100	6	44	1	3	11	971	376	85	114	174
426	549	1187	58	17	0	124	80	12	557	286	387
408	314	27	0	18	7	1047	23	38	510	153	269
324	317	60	1178	1244	1270	98	206	854	128	727	450
>TFCP2_MOUSE.H10MO.D
1	0	2	3	0	6	4	3	4	2	6	0	2	6	0	10
4	7	10	1	1	4	4	7	1	3	0	11	9	0	0	1
6	3	1	2	11	2	2	0	3	6	7	2	1	5	13	1
2	3	0	7	1	1	3	3	5	2	0	0	1	2	0	1
>TFDP1_MOUSE.H10MO.D
5	3	3	1	2	0	0	0	0	0	6	5	5	1
1	0	0	0	1	0	7	0	2	0	1	0	0	3
1	1	1	2	4	7	0	7	5	6	0	2	2	1
0	3	3	4	0	0	0	0	0	1	0	0	0	2
>TFE2_MOUSE.H10MO.A
70	26	92	0	472	5	3	0	0	0	55	58	18	143	57	41	71	49	63	39
143	167	264	496	2	207	429	2	5	275	197	135	321	144	119	195	138	135	168	219
78	132	125	2	3	285	66	0	424	39	59	99	83	47	215	89	80	136	95	101
207	173	17	0	21	1	0	496	69	184	187	206	76	164	107	173	209	178	172	139
>TFE2_MOUSE.H10MO.S
75	45	0	140	1	104	1	5	6	13	16
17	65	140	0	4	9	16	10	34	45	67
29	29	0	0	135	26	1	122	51	6	25
19	1	0	0	0	1	122	3	49	76	32
>TFE3_MOUSE.H10MO.C
8	5	4	0	17	1	0	1	0	4
1	0	1	17	0	7	3	0	0	4
8	11	0	0	0	1	14	0	17	6
0	1	12	0	0	8	0	16	0	3
>TFEB_MOUSE.H10MO.C
95	73	0	0	259	0	0	0	3
9	0	0	259	0	259	0	0	2
116	186	0	0	0	0	259	0	252
39	0	259	0	0	0	0	259	2
>TGIF1_MOUSE.H10MO.D
3	6	2	2	0	2	8	0	10	2	2	2	1	8	1	7
6	2	2	4	4	2	2	10	0	7	7	0	4	4	11	2
2	2	8	5	0	9	0	2	0	2	2	1	8	0	0	2
2	3	1	2	9	0	3	1	3	2	2	10	0	1	1	2
>TGIF1_MOUSE.H10MO.S
4	0	0	16	0	16	3
4	0	1	0	16	0	2
4	0	15	0	0	0	9
4	16	0	0	0	0	2
>THA_MOUSE.H10MO.C
29	7	8	13	10	43	11	14	8	16	62	1	0	21	3	55	9
6	6	5	10	40	6	26	18	16	33	0	6	9	2	51	10	13
31	52	48	9	19	13	15	11	8	20	8	63	58	7	15	6	33
8	9	13	42	5	12	22	31	42	5	4	4	7	44	5	3	19
>THA_MOUSE.H10MO.S
8	6	10	58	0	0	5	1	69	11
26	11	37	3	1	0	0	68	4	22
14	6	21	12	67	69	1	5	1	30
26	51	6	1	6	5	68	0	0	11
>THB_MOUSE.H10MO.C
8	20	5	4	0	5	23	3	11	0	3	34	0	0	10	2	30
7	0	10	11	10	17	4	12	9	2	16	0	0	0	0	29	5
17	11	18	18	5	10	4	14	13	8	15	1	32	34	1	3	0
3	4	2	2	20	3	4	6	2	25	1	0	3	1	24	1	0
>THB_MOUSE.H10MO.S
4	8	1	3	51	0	1	10	1	45
16	12	2	29	0	5	4	0	50	6
22	27	10	18	1	44	46	0	1	0
10	5	39	2	0	3	1	42	0	1
>TLX1_MOUSE.H10MO.D
9	2	1	7	1	42	19	5	14	15	8	11	2	25	33	4	14
21	18	2	4	28	2	18	16	7	5	8	31	34	7	1	5	7
8	3	36	30	1	1	8	16	13	13	34	1	0	9	9	30	20
12	27	11	9	20	5	5	13	16	17	0	7	14	9	7	11	9
>TLX1_MOUSE.H10MO.S
5	1	0	1	47	44	0	16	23	2	6
19	6	22	28	2	4	10	1	3	0	24
9	42	17	2	1	1	22	23	9	38	13
18	2	12	20	1	2	19	11	16	11	8
>TWST1_MOUSE.H10MO.D
2	1	0	0	5	0	0	0	0	0
2	3	4	5	0	0	0	0	0	0
0	1	1	0	0	4	5	0	5	3
1	0	0	0	0	1	0	5	0	2
>TYY1_MOUSE.H10MO.A
355	1454	1437	452	1590	3	2	46	205	163	215	217
873	40	59	264	5	0	0	1	1218	313	187	1044
229	61	42	752	0	1	1598	1523	21	934	998	163
143	45	62	132	5	1596	0	30	156	190	200	176
>UBIP1_MOUSE.H10MO.D
1	0	5	0	5	2	4
2	4	0	0	0	0	1
2	0	0	4	0	2	0
0	1	0	1	0	1	0
>USF1_MOUSE.H10MO.A
399	282	31	0	1730	4	147	8	0	626
196	8	191	1728	1	1623	9	5	0	230
1008	1441	41	3	0	41	1575	8	1731	720
128	0	1468	0	0	63	0	1710	0	155
>USF2_MOUSE.H10MO.A
74	33	5	0	316	2	29	1	0	149	12	25	62
35	4	2	316	1	290	0	0	0	40	142	146	124
141	281	4	1	0	7	289	1	318	107	72	101	92
69	1	308	2	2	20	1	317	1	23	93	47	41
>VDR_MOUSE.H10MO.C
42	8	1	6	3	100	39	23	30	60	9	1	13	7	72	18
3	3	4	4	83	4	20	35	5	4	3	1	7	81	13	48
66	102	84	9	11	6	19	35	70	48	101	42	16	14	20	21
4	2	26	96	18	5	37	22	10	3	2	71	79	13	10	28
>VDR_MOUSE.H10MO.S
31	61	0	0	7	0	109
7	1	0	1	1	105	1
71	57	119	61	5	13	7
11	1	1	58	107	2	3
>VSX2_MOUSE.H10MO.D
0	21	23	0	0	21	0	0	4	9	9
2	0	0	0	0	1	0	20	4	5	3
0	2	0	0	1	1	23	3	5	2	4
21	0	0	23	22	0	0	0	10	7	7
>WT1_MOUSE.H10MO.D
1	11	1	6	4	1	0	7	0	3	8	3	2
7	22	3	9	0	0	1	26	0	5	3	6	9
32	4	40	21	40	39	42	1	44	23	31	27	30
4	7	0	8	0	4	1	10	0	13	2	8	3
>XBP1_MOUSE.H10MO.C
1	1577	0	0	0	1	1	256	711	365	531	610
0	0	1577	0	0	0	0	1193	481	346	49	176
1538	0	0	1577	0	1574	686	34	185	127	35	240
38	0	0	0	1577	2	890	94	200	739	962	551
>YBOX1_MOUSE.H10MO.D
8	4	6	7	46	0	0	0	1	7	5
12	20	8	12	10	7	3	21	21	44	30
22	33	25	42	2	0	7	33	33	1	3
20	5	23	1	4	55	52	8	7	10	24
>ZBT18_MOUSE.H10MO.D
1	4	0	18	0	17	0	0	0	0	1	4	2	3
1	14	18	0	0	1	0	0	2	0	5	8	7	7
5	0	0	0	18	0	0	18	0	4	4	5	8	6
11	0	0	0	0	0	18	0	16	14	8	1	1	2
>ZBT7A_MOUSE.H10MO.D
15	3	0	15	3	5	1	0	0	0	7	1	13	1	3	15	6
10	2	24	7	13	1	0	0	3	9	12	15	15	24	15	7	8
7	21	9	5	22	12	33	38	27	6	7	13	6	8	8	8	19
6	12	5	11	0	20	4	0	8	23	12	9	4	5	12	8	5
>ZBTB6_MOUSE.H10MO.D
14	3	20	3	4	22	0	16	0	33	0	3	1
8	0	0	6	5	8	1	1	0	0	0	28	23
10	27	13	0	23	3	1	13	33	0	33	1	6
1	3	0	24	1	0	31	3	0	0	0	1	3
>ZEB1_MOUSE.H10MO.D
40	26	126	0	1	2	18
25	78	1	4	0	0	1
22	7	0	121	126	0	107
40	16	0	2	0	125	1
>ZEP1_MOUSE.H10MO.D
1	0	3	3	7	10	7	1	0	0	0	2
1	0	0	0	0	0	0	0	8	10	9	4
2	10	7	7	3	0	3	0	1	0	0	2
6	0	0	0	0	0	0	9	1	0	1	2
>ZEP2_MOUSE.H10MO.D
1	1	2	5	2	3	3	7	14	13	0	3	1	1
1	3	5	1	3	0	0	3	1	0	9	6	9	9
10	9	0	5	8	13	13	0	1	1	4	3	6	6
4	3	9	5	3	0	0	6	0	2	3	4	0	0
>ZFHX3_MOUSE.H10MO.D
4	0	1	6	4	0	4	7	0	0	5
1	0	0	0	0	0	1	0	1	0	0
2	0	1	1	0	0	0	0	0	0	0
0	7	5	0	3	7	2	0	6	7	2
>ZFX_MOUSE.H10MO.C
65	145	48	77	53	57	71	43	35	476	2	0	0	1	9	108	97	67	61
177	140	121	150	134	179	225	189	279	2	2	1	477	425	157	197	4	165	252
179	146	270	214	246	163	113	163	96	1	476	479	3	42	128	144	373	238	59
59	49	41	39	47	81	71	85	70	1	0	0	0	12	186	31	6	10	108
>ZIC1_MOUSE.H10MO.B
2	3	0	0	10	4	2	1	7
4	2	1	2	1	0	8	3	15
17	28	31	31	6	25	23	9	9
10	0	1	0	16	4	0	20	2
>ZIC2_MOUSE.H10MO.C
8	2	1	3	7	5	2	2	5
2	2	3	2	3	1	4	0	18
17	28	29	29	6	29	26	8	8
9	4	3	2	20	1	4	26	5
>ZIC3_MOUSE.H10MO.C
3	4	0	1	6	5	5	2	3
10	0	1	1	0	4	5	11	17
7	29	29	28	7	23	20	0	6
13	0	3	3	20	1	3	20	7
>ZN143_MOUSE.H10MO.D
0	4	12	11	2	0	6	23	0	0	10	0	0	0	4	19	13	8	3	7	2	10
4	17	1	3	0	0	18	3	4	4	13	0	0	0	0	1	5	2	3	9	7	6
15	2	9	5	13	26	2	0	5	10	3	2	26	26	20	2	8	8	4	10	6	2
7	3	4	7	11	0	0	0	17	12	0	24	0	0	2	4	0	8	16	0	11	8
>ZN148_MOUSE.H10MO.D
5	3	8	4	6	1	3	0	2	0	16	7	1	7	4
4	7	7	3	6	3	0	0	0	0	7	0	1	0	3
16	20	15	20	9	29	31	34	30	34	5	26	32	26	25
9	4	4	7	13	1	0	0	2	0	6	1	0	1	2
>ZN423_MOUSE.H10MO.D
0	9	0	22	0	0	0	12	21	0	0	0	0	0	4
0	0	22	0	22	22	22	0	0	0	0	0	0	0	18
22	13	0	0	0	0	0	0	0	22	22	22	0	22	0
0	0	0	0	0	0	0	10	1	0	0	0	22	0	0